2.788467308299219, 86.29685384288261
27.822057799125258, 85.74419569363387
58.923069296856355, 86.02557312552017
88.69037524817809, 85.47346286000528
133.33715982290278, 84.8304821637755
175.95103484801425, 84.3724513622738
219.24950364342675, 83.54412942579178
261.19339513114, 82.80824330212137
307.87308925547853, 81.98031271116353
347.1120004800504, 81.2441135110738
370.8014495438217, 80.32092941953026
398.5400202977878, 79.76858434670085
422.2232078331721, 79.12317730822117
463.48459272671295, 78.66498996850977
504.75850067702777, 77.65124852267068
550.0982277265696, 76.2676072873755
592.0379448620243, 75.71690586574765
639.402232756664, 74.51868413980954
675.2640930045684, 73.59690889215305
709.7692887686443, 72.86016180832945
750.3732131815609, 71.5685650403217
770.6668266835032, 71.29313606040293
