7.410926200141176, 0.31002952832226693
20.35739999362687, 1.0176562696241924
25.443277431954073, 2.018710511808956
28.79417141121891, 2.9934645932108506
36.46566463097213, 4.164535818744768
41.297215790284554, 4.891408604268468
45.82387016505547, 5.7357404037095
49.196754675408414, 6.540190038796398
54.288835758295136, 7.493200500336516
59.37813908988659, 8.46772310246379
64.48144691759188, 9.333788662464155
70.48115823622732, 9.989098772911301
74.71850209761391, 10.830182575197284
79.83720329708099, 11.577035022777151
86.65287905871917, 12.644545421507498
89.20407001402262, 13.081163558272207
95.18809861180314, 13.857927629117674
100.33600477975023, 14.378603820802015
118.37450950227978, 16.03962943729354
128.6799668079493, 17.006286888067937
138.14081411038296, 17.782588000364182
151.234902237288, 18.693302054449042
160.89777307663803, 19.251321425777306
173.50043070354448, 19.929056733950347
188.47984036239563, 20.599304973585703
203.11111483720208, 21.16092031114524
221.07338985218504, 21.729454766307974
244.24686270463434, 22.328506594766633
262.6679833781559, 22.709232131682626
282.9598038094441, 23.074919231724742
303.26342968373734, 23.349179734271438
321.6615286912204, 23.57162570555357
340.7606205947213, 23.750384406284457
355.21821985241206, 23.97416991773249
377.21847858137585, 24.122975267133732
401.52082625340006, 24.39375825286368
420.6313869027791, 24.483697888291534
438.3815216426136, 24.638326823123
458.8486151410102, 24.693726750121666
477.45107126705796, 24.8721441608831
497.06331815079074, 24.92331210339467
516.3684324541313, 25.002406571090983
534.7026198000767, 25.12146693576792
565.2602952911367, 25.189850843139144
581.7630314763219, 25.281767405099156
598.6838771012726, 25.50135443197675
623.8762926464185, 25.61044780829141
642.995449594314, 25.633813887432485
661.2344960356763, 25.741755303629766
681.2245464062612, 25.751927239481134
700.3355805359748, 25.838200032763446
720.5312397417864, 25.938893663355017
735.6574940654688, 26.03286085305562
757.0913174980489, 26.080798496166206
795.0199682405984, 26.281902545964122
848.8828806497684, 26.48984809432276
869.7368484994488, 26.540850694495322
895.7009785353547, 26.656903257486736
915.7807066658244, 26.720503162425405
935.2422425044397, 26.78489157774159
953.139872798429, 26.84435474540118
972.1562681465316, 26.91561992674332
990.0644050275964, 26.968508654338642
