# Optimizing the heat capacities of sphalerite phases as single system  or how nuclear physics can help physical chemistry(est52)
17.78994414159317  0.13089677236382063
24.49564331330144  1.8763963200486091
34.59006341380845  3.648081948082959
43.83702303724902  5.41983483488533
50.56177885989662  6.71559742040205
53.090708537491736  7.032857029157795
64.03258911506514  8.804475398424128
74.98343752837476  10.364452844317249
83.39302548995207  11.898176951092784
93.50762322086548  13.193670501537419
103.62109997231174  14.515619167403708
106.1410618141707  15.044519699532666
112.89608408242782  15.625994168664814
117.95842735548611  16.154692924489705
123.87047306454481  16.63041419070327
128.08871879893772  17.079814859031227
134.0018854874635  17.52908100982314
139.91281021705524  18.03125739145836
142.44173989465025  18.348517000214105
149.20909293704463  18.63898519970809
154.2826460047731  18.903132801316474
162.7370731450311  19.37865229122598
169.50666814635954  19.61621025987667
174.579100234621  19.906812976906703
180.50235573834993  20.11798308890376
188.11380631940958  20.487749375894683
194.03706182313863  20.698919487891736
199.96031732686748  20.9100895998888
