# Optimizing the heat capacities of sphalerite phases as single system  or how nuclear physics can help physical chemistry(Lea69)
310.024807275605  23.388126809681225
320.19209104146825  23.440229935308267
332.89503036172886  23.650861977161156
341.36515121452504  23.75600985116755
373.55743954837976  24.018005172199256
382.87277891930853  24.175996018280927
418.4560301408959  24.4112671888189
426.0820534550268  24.437116975328358
456.5872676910177  24.51406100594455
466.75230949794695  24.6190743624149
500.6406397654013  24.85448005048891
510.80792353126446  24.906583176115955
518.4339468453956  24.93243296262542
531.9944354579255  24.90490170691543
636.2085335682906  25.45218630230349
648.9159568064191  25.55699788246978
677.72512910881  25.66053154604366
687.0471943565408  25.659791699595427
696.3670176453378  25.7119620839905
706.5320594522669  25.816975440460848
724.3220035938599  25.974293698862308
732.7898824877223  26.132351803712005
753.9797573527845  26.051304988246525
762.4498782055808  26.156452862252912
