26.5239234961, -0.1361256544502618
30.688036471132953, -0.18010471204188416
35.77719841863446, -0.21780104712041704
42.48298607401075, -0.12984293193717056
48.72521993090429, 0.008376963350785971
53.81002243829468, 0.19685863874345433
58.664016810912834, 0.3602094240837683
63.285992093172354, 0.5612565445026183
66.98376607187376, 0.7120418848167516
70.44988424689245, 0.8816753926701564
75.30327314171741, 1.0764397905759173
78.53821989528794, 1.2397905759162295
81.08062114898314, 1.334031413612566
84.31544680699504, 1.5036649214659699
87.55075684724149, 1.6481675392670168
91.24768315703243, 1.842931937172776
96.33175909107095, 2.0691099476439803
101.18466360366136, 2.2890052356020973
106.49991095914804, 2.521465968586389
111.58519784877299, 2.684816753926701
115.28188196744667, 2.89214659685864
121.52217829540191, 3.1308900523560235
126.37605157246139, 3.3005235602094247
131.69250988353454, 3.4701570680628286
137.93413826263486, 3.6397905759162317
146.4868753784236, 3.9036649214659693
155.04046016312282, 4.123560209424086
163.36275243081522, 4.343455497382198
173.07316308722437, 4.544502617801049
181.62735334971683, 4.732984293193718
189.71992734266476, 4.871204188481675
199.19989315097763, 5.028272251308904
208.91090928517997, 5.197905759162305
219.548306442996, 5.304712041884818
227.64197029597176, 5.386387434554974
235.50446272749937, 5.461780104712041
247.0670299533426, 5.568586387434559
255.85529793069057, 5.612565445026176
266.4937849485344, 5.662827225130892
276.6696869323646, 5.713089005235602
286.1517113651743, 5.763350785340316
295.6339779891014, 5.801047120418849
305.11600242191116, 5.851308900523563
318.06705132314715, 5.920418848167538
323.84851657940663, 5.96439790575916
331.0178580332656, 6.0020942408377
336.33661715995294, 6.052356020942412
