3.9, 14.829749999999995, -2.8670851 
3.95, 15.407468750000003, -3.0431483 
4.0, 15.999999999999998, -3.1725021 
4.05, 16.60753125, -3.2619487 
4.1, 17.230249999999995, -3.3174073 
4.15, 17.868343749999998, -3.3440243 
4.2, 18.522, -3.3462718 
4.25, 19.19140625, -3.3280331 
4.3, 19.876749999999998, -3.2926781 
4.35, 20.578218749999994, -3.2431291 
4.4, 21.296000000000003, -3.1819184 
4.45, 22.03028125, -3.111238 
4.5, 22.781250000000004, -3.0329833 
4.55, 23.549093749999994, -2.9487912 
4.6, 24.333999999999985, -2.8600728 
4.65, 25.13615625, -2.7680425 
4.7, 25.955750000000002, -2.6737426 
