3.9, 14.829749999999995, -5.3090503 
3.95, 15.407468750000003, -5.2983346 
4.0, 15.999999999999998, -5.2035078 
4.05, 16.60753125, -4.8896457 
4.1, 17.230249999999995, -4.3334949 
4.15, 17.868343749999998, -3.5445401 
4.2, 18.522, -2.5829063 
4.25, 19.19140625, -1.5703785 
4.3, 19.876749999999998, -0.68332364 
4.35, 20.578218749999994, -0.1186757 
4.4, 21.296000000000003, 0.0 
4.45, 22.03028125, 0.0 
4.5, 22.781250000000004, 0.0 
4.55, 23.549093749999994, 0.0 
4.6, 24.333999999999985, 0.0 
4.65, 25.13615625, 0.0 
4.7, 25.955750000000002, 0.0 
