# End points of segments: 
#   0.00000000 0.17691600 0.23946530 0.42711300 0.58032680 
0.000000 0.005343
0.001769 0.063258
0.003538 0.126105
0.005307 0.188882
0.007077 0.251460
0.008846 0.313757
0.010615 0.375696
0.012384 0.437205
0.014153 0.498212
0.015922 0.558647
0.017692 0.618441
0.019461 0.677524
0.021230 0.735829
0.022999 0.793289
0.024768 0.849840
0.026537 0.905418
0.028307 0.959960
0.030076 1.013405
0.031845 1.065694
0.033614 1.116772
0.035383 1.166581
0.037152 1.215071
0.038921 1.262192
0.040691 1.307894
0.042460 1.352136
0.044229 1.394874
0.045998 1.436072
0.047767 1.475695
0.049536 1.513713
0.051306 1.550100
0.053075 1.584834
0.054844 1.617897
0.056613 1.649278
0.058382 1.678971
0.060151 1.706973
0.061921 1.733290
0.063690 1.757931
0.065459 1.780914
0.067228 1.802261
0.068997 1.822003
0.070766 1.840175
0.072536 1.856821
0.074305 1.871992
0.076074 1.885742
0.077843 1.898136
0.079612 1.909244
0.081381 1.919139
0.083151 1.927904
0.084920 1.935624
0.086689 1.942390
0.088458 1.948296
0.090227 1.953440
0.091996 1.957920
0.093766 1.961837
0.095535 1.965293
0.097304 1.968386
0.099073 1.971215
0.100842 1.973874
0.102611 1.976455
0.104380 1.979043
0.106150 1.981718
0.107919 1.984552
0.109688 1.987612
0.111457 1.990953
0.113226 1.994624
0.114995 1.998664
0.116765 2.003102
0.118534 2.007959
0.120303 2.013246
0.122072 2.018963
0.123841 2.025106
0.125610 2.031659
0.127380 2.038599
0.129149 2.045899
0.130918 2.053522
0.132687 2.061430
0.134456 2.069576
0.136225 2.077914
0.137994 2.086393
0.139764 2.094959
0.141533 2.103560
0.143302 2.112140
0.145071 2.120645
0.146840 2.129023
0.148609 2.137220
0.150379 2.145187
0.152148 2.152875
0.153917 2.160238
0.155686 2.167232
0.157455 2.173818
0.159224 2.179957
0.160994 2.185614
0.162763 2.190760
0.164532 2.195366
0.166301 2.199407
0.168070 2.202863
0.169839 2.205714
0.171608 2.207947
0.173378 2.209551
0.175147 2.210516
0.176916 2.210838

0.176916 2.210838
0.177541 2.210829
0.178167 2.210802
0.178792 2.210756
0.179418 2.210692
0.180043 2.210610
0.180669 2.210510
0.181294 2.210392
0.181920 2.210255
0.182545 2.210101
0.183171 2.209929
0.183796 2.209738
0.184422 2.209531
0.185047 2.209305
0.185673 2.209062
0.186298 2.208801
0.186924 2.208523
0.187549 2.208228
0.188175 2.207915
0.188800 2.207586
0.189426 2.207239
0.190051 2.206876
0.190677 2.206497
0.191302 2.206101
0.191928 2.205689
0.192553 2.205261
0.193179 2.204817
0.193804 2.204357
0.194430 2.203882
0.195055 2.203392
0.195681 2.202887
0.196306 2.202367
0.196932 2.201833
0.197557 2.201284
0.198183 2.200721
0.198808 2.200145
0.199434 2.199555
0.200059 2.198951
0.200685 2.198335
0.201310 2.197706
0.201936 2.197065
0.202561 2.196411
0.203187 2.195746
0.203812 2.195069
0.204438 2.194381
0.205063 2.193682
0.205689 2.192973
0.206314 2.192254
0.206940 2.191524
0.207565 2.190785
0.208191 2.190037
0.208816 2.189280
0.209442 2.188515
0.210067 2.187741
0.210693 2.186960
0.211318 2.186171
0.211944 2.185376
0.212569 2.184573
0.213195 2.183765
0.213820 2.182951
0.214446 2.182131
0.215071 2.181307
0.215697 2.180477
0.216322 2.179644
0.216947 2.178806
0.217573 2.177965
0.218198 2.177122
0.218824 2.176275
0.219449 2.175426
0.220075 2.174576
0.220700 2.173724
0.221326 2.172871
0.221951 2.172018
0.222577 2.171164
0.223202 2.170311
0.223828 2.169458
0.224453 2.168607
0.225079 2.167757
0.225704 2.166908
0.226330 2.166062
0.226955 2.165219
0.227581 2.164379
0.228206 2.163542
0.228832 2.162709
0.229457 2.161880
0.230083 2.161056
0.230708 2.160237
0.231334 2.159423
0.231959 2.158614
0.232585 2.157812
0.233210 2.157016
0.233836 2.156227
0.234461 2.155445
0.235087 2.154670
0.235712 2.153903
0.236338 2.153143
0.236963 2.152392
0.237589 2.151650
0.238214 2.150916
0.238840 2.150191
0.239465 2.149476

0.239465 2.149476
0.241342 2.147387
0.243218 2.145389
0.245095 2.143486
0.246971 2.141681
0.248848 2.139977
0.250724 2.138372
0.252601 2.136867
0.254477 2.135458
0.256354 2.134140
0.258230 2.132908
0.260107 2.131753
0.261983 2.130666
0.263860 2.129635
0.265736 2.128646
0.267612 2.127684
0.269489 2.126732
0.271365 2.125772
0.273242 2.124781
0.275118 2.123740
0.276995 2.122622
0.278871 2.121404
0.280748 2.120059
0.282624 2.118557
0.284501 2.116871
0.286377 2.114970
0.288254 2.112823
0.290130 2.110397
0.292007 2.107661
0.293883 2.104581
0.295760 2.101123
0.297636 2.097255
0.299513 2.092942
0.301389 2.088151
0.303266 2.082847
0.305142 2.077000
0.307018 2.070575
0.308895 2.063541
0.310771 2.055866
0.312648 2.047522
0.314524 2.038477
0.316401 2.028706
0.318277 2.018179
0.320154 2.006872
0.322030 1.994761
0.323907 1.981823
0.325783 1.968037
0.327660 1.953382
0.329536 1.937842
0.331413 1.921399
0.333289 1.904040
0.335166 1.885751
0.337042 1.866521
0.338919 1.846341
0.340795 1.825204
0.342672 1.803104
0.344548 1.780037
0.346425 1.756001
0.348301 1.730996
0.350177 1.705022
0.352054 1.678084
0.353930 1.650185
0.355807 1.621332
0.357683 1.591533
0.359560 1.560798
0.361436 1.529137
0.363313 1.496564
0.365189 1.463090
0.367066 1.428733
0.368942 1.393507
0.370819 1.357432
0.372695 1.320524
0.374572 1.282805
0.376448 1.244295
0.378325 1.205015
0.380201 1.164989
0.382078 1.124240
0.383954 1.082792
0.385831 1.040670
0.387707 0.997900
0.389584 0.954508
0.391460 0.910522
0.393336 0.865967
0.395213 0.820872
0.397089 0.775266
0.398966 0.729177
0.400842 0.682634
0.402719 0.635665
0.404595 0.588302
0.406472 0.540573
0.408348 0.492508
0.410225 0.444138
0.412101 0.395493
0.413978 0.346604
0.415854 0.297501
0.417731 0.248217
0.419607 0.198784
0.421484 0.149238
0.423360 0.099623
0.425237 0.050041
0.427113 0.005343

0.427113 0.005343
0.428645 0.046064
0.430177 0.091612
0.431709 0.137164
0.433242 0.182592
0.434774 0.227832
0.436306 0.272829
0.437838 0.317533
0.439370 0.361895
0.440902 0.405868
0.442434 0.449404
0.443966 0.492458
0.445499 0.534985
0.447031 0.576943
0.448563 0.618290
0.450095 0.658984
0.451627 0.698987
0.453159 0.738261
0.454692 0.776771
0.456224 0.814482
0.457756 0.851362
0.459288 0.887381
0.460820 0.922511
0.462352 0.956726
0.463884 0.990003
0.465416 1.022319
0.466949 1.053657
0.468481 1.084000
0.470013 1.113335
0.471545 1.141650
0.473077 1.168939
0.474609 1.195194
0.476141 1.220414
0.477673 1.244600
0.479206 1.267755
0.480738 1.289885
0.482270 1.311000
0.483802 1.331112
0.485334 1.350237
0.486866 1.368391
0.488399 1.385598
0.489931 1.401879
0.491463 1.417262
0.492995 1.431776
0.494527 1.445451
0.496059 1.458322
0.497591 1.470424
0.499123 1.481796
0.500656 1.492475
0.502188 1.502504
0.503720 1.511924
0.505252 1.520779
0.506784 1.529112
0.508316 1.536967
0.509848 1.544389
0.511381 1.551422
0.512913 1.558109
0.514445 1.564494
0.515977 1.570617
0.517509 1.576519
0.519041 1.582239
0.520573 1.587812
0.522106 1.593273
0.523638 1.598653
0.525170 1.603981
0.526702 1.609281
0.528234 1.614578
0.529766 1.619889
0.531298 1.625230
0.532830 1.630614
0.534363 1.636048
0.535895 1.641539
0.537427 1.647086
0.538959 1.652689
0.540491 1.658343
0.542023 1.664039
0.543555 1.669766
0.545088 1.675510
0.546620 1.681255
0.548152 1.686983
0.549684 1.692672
0.551216 1.698302
0.552748 1.703848
0.554280 1.709286
0.555813 1.714591
0.557345 1.719737
0.558877 1.724699
0.560409 1.729450
0.561941 1.733966
0.563473 1.738223
0.565005 1.742196
0.566538 1.745864
0.568070 1.749205
0.569602 1.752201
0.571134 1.754835
0.572666 1.757090
0.574198 1.758953
0.575730 1.760414
0.577263 1.761464
0.578795 1.762097
0.580327 1.762308


0.000000 0.005343
0.001769 0.063258
0.003538 0.126105
0.005307 0.188882
0.007077 0.251460
0.008846 0.313757
0.010615 0.375696
0.012384 0.437205
0.014153 0.498212
0.015922 0.558647
0.017692 0.618441
0.019461 0.677524
0.021230 0.735829
0.022999 0.793289
0.024768 0.849840
0.026537 0.905418
0.028307 0.959960
0.030076 1.013405
0.031845 1.065694
0.033614 1.116772
0.035383 1.166581
0.037152 1.215071
0.038921 1.262192
0.040691 1.307894
0.042460 1.352136
0.044229 1.394874
0.045998 1.436072
0.047767 1.475695
0.049536 1.513713
0.051306 1.550100
0.053075 1.584834
0.054844 1.617897
0.056613 1.649278
0.058382 1.678971
0.060151 1.706973
0.061921 1.733290
0.063690 1.757931
0.065459 1.780914
0.067228 1.802261
0.068997 1.822003
0.070766 1.840175
0.072536 1.856821
0.074305 1.871992
0.076074 1.885742
0.077843 1.898136
0.079612 1.909244
0.081381 1.919139
0.083151 1.927904
0.084920 1.935624
0.086689 1.942390
0.088458 1.948296
0.090227 1.953440
0.091996 1.957920
0.093766 1.961837
0.095535 1.965293
0.097304 1.968386
0.099073 1.971215
0.100842 1.973874
0.102611 1.976455
0.104380 1.979043
0.106150 1.981718
0.107919 1.984552
0.109688 1.987612
0.111457 1.990953
0.113226 1.994624
0.114995 1.998664
0.116765 2.003102
0.118534 2.007959
0.120303 2.013246
0.122072 2.018963
0.123841 2.025106
0.125610 2.031659
0.127380 2.038599
0.129149 2.045899
0.130918 2.053522
0.132687 2.061430
0.134456 2.069576
0.136225 2.077914
0.137994 2.086393
0.139764 2.094959
0.141533 2.103560
0.143302 2.112140
0.145071 2.120645
0.146840 2.129023
0.148609 2.137220
0.150379 2.145187
0.152148 2.152875
0.153917 2.160238
0.155686 2.167232
0.157455 2.173818
0.159224 2.179957
0.160994 2.185614
0.162763 2.190760
0.164532 2.195366
0.166301 2.199407
0.168070 2.202863
0.169839 2.205714
0.171608 2.207947
0.173378 2.209551
0.175147 2.210516
0.176916 2.210838

0.176916 2.210838
0.177541 2.211036
0.178167 2.211631
0.178792 2.212622
0.179418 2.214007
0.180043 2.215786
0.180669 2.217957
0.181294 2.220517
0.181920 2.223464
0.182545 2.226794
0.183171 2.230505
0.183796 2.234593
0.184422 2.239053
0.185047 2.243882
0.185673 2.249074
0.186298 2.254624
0.186924 2.260526
0.187549 2.266776
0.188175 2.273367
0.188800 2.280292
0.189426 2.287545
0.190051 2.295120
0.190677 2.303008
0.191302 2.311203
0.191928 2.319697
0.192553 2.328481
0.193179 2.337549
0.193804 2.346892
0.194430 2.356501
0.195055 2.366368
0.195681 2.376484
0.196306 2.386841
0.196932 2.397429
0.197557 2.408238
0.198183 2.419261
0.198808 2.430488
0.199434 2.441908
0.200059 2.453513
0.200685 2.465293
0.201310 2.477238
0.201936 2.489339
0.202561 2.501586
0.203187 2.513969
0.203812 2.526477
0.204438 2.539102
0.205063 2.551834
0.205689 2.564661
0.206314 2.577576
0.206940 2.590566
0.207565 2.603624
0.208191 2.616738
0.208816 2.629898
0.209442 2.643096
0.210067 2.656321
0.210693 2.669563
0.211318 2.682813
0.211944 2.696060
0.212569 2.709296
0.213195 2.722510
0.213820 2.735693
0.214446 2.748836
0.215071 2.761929
0.215697 2.774963
0.216322 2.787928
0.216947 2.800816
0.217573 2.813618
0.218198 2.826325
0.218824 2.838928
0.219449 2.851419
0.220075 2.863789
0.220700 2.876029
0.221326 2.888132
0.221951 2.900091
0.222577 2.911896
0.223202 2.923540
0.223828 2.935017
0.224453 2.946319
0.225079 2.957439
0.225704 2.968370
0.226330 2.979107
0.226955 2.989642
0.227581 2.999970
0.228206 3.010085
0.228832 3.019982
0.229457 3.029656
0.230083 3.039101
0.230708 3.048315
0.231334 3.057291
0.231959 3.066028
0.232585 3.074520
0.233210 3.082766
0.233836 3.090761
0.234461 3.098504
0.235087 3.105993
0.235712 3.113226
0.236338 3.120201
0.236963 3.126918
0.237589 3.133376
0.238214 3.139574
0.238840 3.145513
0.239465 3.151192

0.239465 3.151192
0.241342 3.166686
0.243218 3.179895
0.245095 3.190884
0.246971 3.199739
0.248848 3.206568
0.250724 3.211492
0.252601 3.214648
0.254477 3.216178
0.256354 3.216231
0.258230 3.214953
0.260107 3.212488
0.261983 3.208975
0.263860 3.204542
0.265736 3.199307
0.267612 3.193374
0.269489 3.186834
0.271365 3.179763
0.273242 3.172220
0.275118 3.164251
0.276995 3.155886
0.278871 3.147143
0.280748 3.138023
0.282624 3.128516
0.284501 3.118602
0.286377 3.108250
0.288254 3.097421
0.290130 3.086067
0.292007 3.074137
0.293883 3.061575
0.295760 3.048321
0.297636 3.034317
0.299513 3.019504
0.301389 3.003823
0.303266 2.987221
0.305142 2.969648
0.307018 2.951060
0.308895 2.931418
0.310771 2.910692
0.312648 2.888856
0.314524 2.865896
0.316401 2.841802
0.318277 2.816574
0.320154 2.790219
0.322030 2.762750
0.323907 2.734190
0.325783 2.704563
0.327660 2.673901
0.329536 2.642241
0.331413 2.609620
0.333289 2.576080
0.335166 2.541664
0.337042 2.506413
0.338919 2.470370
0.340795 2.433575
0.342672 2.396067
0.344548 2.357878
0.346425 2.319042
0.348301 2.279584
0.350177 2.239526
0.352054 2.198885
0.353930 2.157673
0.355807 2.115896
0.357683 2.073555
0.359560 2.030646
0.361436 1.987161
0.363313 1.943088
0.365189 1.898408
0.367066 1.853102
0.368942 1.807146
0.370819 1.760517
0.372695 1.713187
0.374572 1.665129
0.376448 1.616316
0.378325 1.566721
0.380201 1.516320
0.382078 1.465089
0.383954 1.413007
0.385831 1.360058
0.387707 1.306227
0.389584 1.251506
0.391460 1.195890
0.393336 1.139377
0.395213 1.081975
0.397089 1.023692
0.398966 0.964546
0.400842 0.904557
0.402719 0.843751
0.404595 0.782163
0.406472 0.719828
0.408348 0.656789
0.410225 0.593094
0.412101 0.528795
0.413978 0.463948
0.415854 0.398614
0.417731 0.332856
0.419607 0.266742
0.421484 0.200345
0.423360 0.133745
0.425237 0.067069
0.427113 0.005343

0.427113 0.005343
0.428645 0.046064
0.430177 0.091612
0.431709 0.137164
0.433242 0.182592
0.434774 0.227832
0.436306 0.272829
0.437838 0.317533
0.439370 0.361895
0.440902 0.405868
0.442434 0.449404
0.443966 0.492458
0.445499 0.534985
0.447031 0.576943
0.448563 0.618290
0.450095 0.658984
0.451627 0.698987
0.453159 0.738261
0.454692 0.776771
0.456224 0.814482
0.457756 0.851362
0.459288 0.887381
0.460820 0.922511
0.462352 0.956726
0.463884 0.990003
0.465416 1.022319
0.466949 1.053657
0.468481 1.084000
0.470013 1.113335
0.471545 1.141650
0.473077 1.168939
0.474609 1.195194
0.476141 1.220414
0.477673 1.244600
0.479206 1.267755
0.480738 1.289885
0.482270 1.311000
0.483802 1.331112
0.485334 1.350237
0.486866 1.368391
0.488399 1.385598
0.489931 1.401879
0.491463 1.417262
0.492995 1.431776
0.494527 1.445451
0.496059 1.458322
0.497591 1.470424
0.499123 1.481796
0.500656 1.492475
0.502188 1.502504
0.503720 1.511924
0.505252 1.520779
0.506784 1.529112
0.508316 1.536967
0.509848 1.544389
0.511381 1.551422
0.512913 1.558109
0.514445 1.564494
0.515977 1.570617
0.517509 1.576519
0.519041 1.582239
0.520573 1.587812
0.522106 1.593273
0.523638 1.598653
0.525170 1.603981
0.526702 1.609281
0.528234 1.614578
0.529766 1.619889
0.531298 1.625230
0.532830 1.630614
0.534363 1.636048
0.535895 1.641539
0.537427 1.647086
0.538959 1.652689
0.540491 1.658343
0.542023 1.664039
0.543555 1.669766
0.545088 1.675510
0.546620 1.681255
0.548152 1.686983
0.549684 1.692672
0.551216 1.698302
0.552748 1.703848
0.554280 1.709286
0.555813 1.714591
0.557345 1.719737
0.558877 1.724699
0.560409 1.729450
0.561941 1.733966
0.563473 1.738223
0.565005 1.742196
0.566538 1.745864
0.568070 1.749205
0.569602 1.752201
0.571134 1.754835
0.572666 1.757090
0.574198 1.758953
0.575730 1.760414
0.577263 1.761464
0.578795 1.762097
0.580327 1.762308


0.000000 0.005343
0.001769 0.087705
0.003538 0.175150
0.005307 0.262618
0.007077 0.350054
0.008846 0.437435
0.010615 0.524741
0.012384 0.611958
0.014153 0.699069
0.015922 0.786060
0.017692 0.872916
0.019461 0.959621
0.021230 1.046163
0.022999 1.132526
0.024768 1.218697
0.026537 1.304663
0.028307 1.390410
0.030076 1.475926
0.031845 1.561199
0.033614 1.646217
0.035383 1.730968
0.037152 1.815442
0.038921 1.899628
0.040691 1.983517
0.042460 2.067099
0.044229 2.150365
0.045998 2.233308
0.047767 2.315920
0.049536 2.398194
0.051306 2.480124
0.053075 2.561704
0.054844 2.642928
0.056613 2.723792
0.058382 2.804292
0.060151 2.884424
0.061921 2.964183
0.063690 3.043569
0.065459 3.122576
0.067228 3.201203
0.068997 3.279447
0.070766 3.357307
0.072536 3.434778
0.074305 3.511860
0.076074 3.588550
0.077843 3.664845
0.079612 3.740741
0.081381 3.816237
0.083151 3.891327
0.084920 3.966009
0.086689 4.040277
0.088458 4.114127
0.090227 4.187553
0.091996 4.260550
0.093766 4.333109
0.095535 4.405225
0.097304 4.476889
0.099073 4.548094
0.100842 4.618830
0.102611 4.689088
0.104380 4.758859
0.106150 4.828132
0.107919 4.896898
0.109688 4.965146
0.111457 5.032864
0.113226 5.100044
0.114995 5.166673
0.116765 5.232741
0.118534 5.298238
0.120303 5.363154
0.122072 5.427479
0.123841 5.491204
0.125610 5.554320
0.127380 5.616819
0.129149 5.678693
0.130918 5.739937
0.132687 5.800543
0.134456 5.860508
0.136225 5.919825
0.137994 5.978493
0.139764 6.036507
0.141533 6.093867
0.143302 6.150570
0.145071 6.206617
0.146840 6.262008
0.148609 6.316744
0.150379 6.370826
0.152148 6.424255
0.153917 6.477035
0.155686 6.529168
0.157455 6.580657
0.159224 6.631505
0.160994 6.681714
0.162763 6.731288
0.164532 6.780229
0.166301 6.828540
0.168070 6.876223
0.169839 6.923280
0.171608 6.969712
0.173378 7.015520
0.175147 7.060705
0.176916 7.105266

0.176916 7.105266
0.177541 7.105127
0.178167 7.104711
0.178792 7.104016
0.179418 7.103045
0.180043 7.101798
0.180669 7.100276
0.181294 7.098479
0.181920 7.096409
0.182545 7.094068
0.183171 7.091458
0.183796 7.088579
0.184422 7.085435
0.185047 7.082028
0.185673 7.078359
0.186298 7.074433
0.186924 7.070251
0.187549 7.065817
0.188175 7.061135
0.188800 7.056207
0.189426 7.051037
0.190051 7.045629
0.190677 7.039988
0.191302 7.034117
0.191928 7.028021
0.192553 7.021704
0.193179 7.015172
0.193804 7.008429
0.194430 7.001480
0.195055 6.994331
0.195681 6.986988
0.196306 6.979456
0.196932 6.971740
0.197557 6.963847
0.198183 6.955784
0.198808 6.947556
0.199434 6.939170
0.200059 6.930633
0.200685 6.921951
0.201310 6.913133
0.201936 6.904183
0.202561 6.895111
0.203187 6.885924
0.203812 6.876628
0.204438 6.867233
0.205063 6.857745
0.205689 6.848173
0.206314 6.838524
0.206940 6.828808
0.207565 6.819032
0.208191 6.809204
0.208816 6.799334
0.209442 6.789430
0.210067 6.779501
0.210693 6.769555
0.211318 6.759601
0.211944 6.749649
0.212569 6.739706
0.213195 6.729783
0.213820 6.719889
0.214446 6.710032
0.215071 6.700221
0.215697 6.690466
0.216322 6.680776
0.216947 6.671160
0.217573 6.661627
0.218198 6.652187
0.218824 6.642848
0.219449 6.633619
0.220075 6.624509
0.220700 6.615527
0.221326 6.606683
0.221951 6.597983
0.222577 6.589438
0.223202 6.581055
0.223828 6.572843
0.224453 6.564810
0.225079 6.556964
0.225704 6.549312
0.226330 6.541863
0.226955 6.534623
0.227581 6.522816
0.228206 6.510206
0.228832 6.497512
0.229457 6.484736
0.230083 6.471879
0.230708 6.458944
0.231334 6.445932
0.231959 6.432844
0.232585 6.419683
0.233210 6.406450
0.233836 6.393146
0.234461 6.379773
0.235087 6.366334
0.235712 6.352829
0.236338 6.339260
0.236963 6.325629
0.237589 6.311938
0.238214 6.298187
0.238840 6.284380
0.239465 6.270517

0.239465 6.270517
0.241342 6.228609
0.243218 6.186258
0.245095 6.143506
0.246971 6.100393
0.248848 6.056960
0.250724 6.013246
0.252601 5.969288
0.254477 5.925123
0.256354 5.880786
0.258230 5.836309
0.260107 5.791725
0.261983 5.747062
0.263860 5.702348
0.265736 5.657608
0.267612 5.612865
0.269489 5.568140
0.271365 5.523450
0.273242 5.478813
0.275118 5.434239
0.276995 5.389741
0.278871 5.345326
0.280748 5.300998
0.282624 5.256759
0.284501 5.212610
0.286377 5.168546
0.288254 5.124562
0.290130 5.080648
0.292007 5.036793
0.293883 4.992982
0.295760 4.949197
0.297636 4.905420
0.299513 4.861627
0.301389 4.817793
0.303266 4.773890
0.305142 4.729890
0.307018 4.685758
0.308895 4.641462
0.310771 4.596963
0.312648 4.552224
0.314524 4.507203
0.316401 4.461858
0.318277 4.416145
0.320154 4.370017
0.322030 4.323428
0.323907 4.276329
0.325783 4.228670
0.327660 4.180401
0.329536 4.131471
0.331413 4.081829
0.333289 4.031423
0.335166 3.980200
0.337042 3.928109
0.338919 3.875100
0.340795 3.821123
0.342672 3.766127
0.344548 3.710065
0.346425 3.652891
0.348301 3.594560
0.350177 3.535030
0.352054 3.474261
0.353930 3.412215
0.355807 3.348859
0.357683 3.284160
0.359560 3.218091
0.361436 3.150626
0.363313 3.081745
0.365189 3.011431
0.367066 2.939669
0.368942 2.866451
0.370819 2.791771
0.372695 2.715628
0.374572 2.638024
0.376448 2.558967
0.378325 2.478468
0.380201 2.396542
0.382078 2.313208
0.383954 2.228489
0.385831 2.142412
0.387707 2.055008
0.389584 1.966312
0.391460 1.876361
0.393336 1.785197
0.395213 1.692864
0.397089 1.599411
0.398966 1.504887
0.400842 1.409346
0.402719 1.312844
0.404595 1.215439
0.406472 1.117193
0.408348 1.018168
0.410225 0.918429
0.412101 0.818042
0.413978 0.717076
0.415854 0.615599
0.417731 0.513685
0.419607 0.411404
0.421484 0.308833
0.423360 0.206051
0.425237 0.103166
0.427113 0.005343

0.427113 0.005343
0.428645 0.086888
0.430177 0.173509
0.431709 0.260141
0.433242 0.346724
0.434774 0.433228
0.436306 0.519629
0.437838 0.605907
0.439370 0.692039
0.440902 0.778006
0.442434 0.863787
0.443966 0.949365
0.445499 1.034719
0.447031 1.119832
0.448563 1.204685
0.450095 1.289262
0.451627 1.373546
0.453159 1.457521
0.454692 1.541171
0.456224 1.624483
0.457756 1.707442
0.459288 1.790036
0.460820 1.872251
0.462352 1.954077
0.463884 2.035502
0.465416 2.116517
0.466949 2.197112
0.468481 2.277280
0.470013 2.357011
0.471545 2.436300
0.473077 2.515141
0.474609 2.593528
0.476141 2.671456
0.477673 2.748922
0.479206 2.825922
0.480738 2.902453
0.482270 2.978515
0.483802 3.054104
0.485334 3.129220
0.486866 3.203862
0.488399 3.278030
0.489931 3.351724
0.491463 3.424944
0.492995 3.497691
0.494527 3.569965
0.496059 3.641766
0.497591 3.713095
0.499123 3.783952
0.500656 3.854339
0.502188 3.924254
0.503720 3.993698
0.505252 4.062670
0.506784 4.131169
0.508316 4.199194
0.509848 4.266742
0.511381 4.333811
0.512913 4.400398
0.514445 4.466498
0.515977 4.532107
0.517509 4.597219
0.519041 4.661829
0.520573 4.725927
0.522106 4.789507
0.523638 4.852559
0.525170 4.915073
0.526702 4.977036
0.528234 5.038438
0.529766 5.099263
0.531298 5.159497
0.532830 5.219124
0.534363 5.278125
0.535895 5.336481
0.537427 5.394171
0.538959 5.451173
0.540491 5.507461
0.542023 5.563009
0.543555 5.617786
0.545088 5.671761
0.546620 5.724896
0.548152 5.777154
0.549684 5.828489
0.551216 5.878852
0.552748 5.928188
0.554280 5.976433
0.555813 6.023516
0.557345 6.069352
0.558877 6.113847
0.560409 6.156888
0.561941 6.198345
0.563473 6.238064
0.565005 6.275866
0.566538 6.311541
0.568070 6.344843
0.569602 6.375491
0.571134 6.403164
0.572666 6.427510
0.574198 6.448153
0.575730 6.464715
0.577263 6.476845
0.578795 6.484251
0.580327 6.486743


0.000000 8.827074
0.001769 8.826797
0.003538 8.825966
0.005307 8.824578
0.007077 8.822626
0.008846 8.820104
0.010615 8.817003
0.012384 8.813312
0.014153 8.809019
0.015922 8.804111
0.017692 8.798575
0.019461 8.792398
0.021230 8.785565
0.022999 8.778065
0.024768 8.769886
0.026537 8.761017
0.028307 8.751451
0.030076 8.741182
0.031845 8.730208
0.033614 8.718529
0.035383 8.706150
0.037152 8.693077
0.038921 8.679324
0.040691 8.664908
0.042460 8.649849
0.044229 8.634175
0.045998 8.617915
0.047767 8.601107
0.049536 8.583790
0.051306 8.566010
0.053075 8.547818
0.054844 8.529266
0.056613 8.510413
0.058382 8.491321
0.060151 8.472054
0.061921 8.452679
0.063690 8.433266
0.065459 8.413886
0.067228 8.394609
0.068997 8.375507
0.070766 8.356653
0.072536 8.338115
0.074305 8.319963
0.076074 8.302262
0.077843 8.285076
0.079612 8.268463
0.081381 8.252479
0.083151 8.237174
0.084920 8.222593
0.086689 8.208778
0.088458 8.195761
0.090227 8.183572
0.091996 8.172231
0.093766 8.161757
0.095535 8.152157
0.097304 8.143437
0.099073 8.135594
0.100842 8.128621
0.102611 8.122504
0.104380 8.117225
0.106150 8.112762
0.107919 8.109087
0.109688 8.106169
0.111457 8.103973
0.113226 8.102463
0.114995 8.101598
0.116765 8.101337
0.118534 8.101635
0.120303 8.102448
0.122072 8.103731
0.123841 8.105438
0.125610 8.107524
0.127380 8.092684
0.129149 8.065984
0.130918 8.038705
0.132687 8.010832
0.134456 7.982355
0.136225 7.953263
0.137994 7.923544
0.139764 7.893191
0.141533 7.862197
0.143302 7.830555
0.145071 7.798260
0.146840 7.765309
0.148609 7.731699
0.150379 7.697429
0.152148 7.662498
0.153917 7.626907
0.155686 7.590657
0.157455 7.553750
0.159224 7.516189
0.160994 7.477976
0.162763 7.439115
0.164532 7.399608
0.166301 7.359460
0.168070 7.318673
0.169839 7.277251
0.171608 7.235197
0.173378 7.192514
0.175147 7.149203
0.176916 7.105266

0.176916 7.105266
0.177541 7.105162
0.178167 7.104848
0.178792 7.104326
0.179418 7.103595
0.180043 7.102656
0.180669 7.101509
0.181294 7.100154
0.181920 7.098593
0.182545 7.096826
0.183171 7.094853
0.183796 7.092675
0.184422 7.090294
0.185047 7.087710
0.185673 7.084924
0.186298 7.081937
0.186924 7.078751
0.187549 7.075367
0.188175 7.071785
0.188800 7.068008
0.189426 7.064037
0.190051 7.059872
0.190677 7.055517
0.191302 7.050971
0.191928 7.046238
0.192553 7.041317
0.193179 7.036212
0.193804 7.030923
0.194430 7.025452
0.195055 7.019801
0.195681 7.013973
0.196306 7.007967
0.196932 7.001787
0.197557 6.995434
0.198183 6.988910
0.198808 6.982217
0.199434 6.975356
0.200059 6.968329
0.200685 6.961139
0.201310 6.953786
0.201936 6.946274
0.202561 6.938603
0.203187 6.930776
0.203812 6.922794
0.204438 6.914659
0.205063 6.906373
0.205689 6.897939
0.206314 6.889357
0.206940 6.880630
0.207565 6.871759
0.208191 6.862746
0.208816 6.853594
0.209442 6.844303
0.210067 6.834876
0.210693 6.825315
0.211318 6.815621
0.211944 6.805796
0.212569 6.795842
0.213195 6.785761
0.213820 6.775555
0.214446 6.765224
0.215071 6.754772
0.215697 6.744199
0.216322 6.733508
0.216947 6.722701
0.217573 6.711778
0.218198 6.700743
0.218824 6.689596
0.219449 6.678339
0.220075 6.666975
0.220700 6.655504
0.221326 6.643929
0.221951 6.632252
0.222577 6.620473
0.223202 6.608595
0.223828 6.596620
0.224453 6.584548
0.225079 6.572383
0.225704 6.560126
0.226330 6.547777
0.226955 6.535340
0.227581 6.527599
0.228206 6.520799
0.228832 6.514230
0.229457 6.507896
0.230083 6.501806
0.230708 6.495963
0.231334 6.490375
0.231959 6.485045
0.232585 6.479980
0.233210 6.475182
0.233836 6.470658
0.234461 6.466410
0.235087 6.462442
0.235712 6.458756
0.236338 6.455357
0.236963 6.452245
0.237589 6.449424
0.238214 6.446895
0.238840 6.444658
0.239465 6.442715

0.239465 6.442715
0.241342 6.438654
0.243218 6.437233
0.245095 6.438417
0.246971 6.442147
0.248848 6.448336
0.250724 6.456881
0.252601 6.467659
0.254477 6.480537
0.256354 6.495372
0.258230 6.512019
0.260107 6.530328
0.261983 6.550155
0.263860 6.571358
0.265736 6.593804
0.267612 6.617369
0.269489 6.641942
0.271365 6.667420
0.273242 6.693716
0.275118 6.720755
0.276995 6.748475
0.278871 6.776826
0.280748 6.805774
0.282624 6.835291
0.284501 6.865364
0.286377 6.895988
0.288254 6.927166
0.290130 6.958909
0.292007 6.991233
0.293883 7.024159
0.295760 7.057709
0.297636 7.091907
0.299513 7.126777
0.301389 7.162341
0.303266 7.198617
0.305142 7.235618
0.307018 7.273354
0.308895 7.311825
0.310771 7.351026
0.312648 7.390941
0.314524 7.431549
0.316401 7.472816
0.318277 7.514702
0.320154 7.557157
0.322030 7.600121
0.323907 7.643527
0.325783 7.687300
0.327660 7.731357
0.329536 7.775610
0.331413 7.819963
0.333289 7.864320
0.335166 7.908576
0.337042 7.952628
0.338919 7.996368
0.340795 8.039689
0.342672 8.082485
0.344548 8.124650
0.346425 8.166083
0.348301 8.206682
0.350177 8.246354
0.352054 8.285006
0.353930 8.322554
0.355807 8.358919
0.357683 8.394029
0.359560 8.427819
0.361436 8.460231
0.363313 8.491217
0.365189 8.520736
0.367066 8.548756
0.368942 8.575252
0.370819 8.600211
0.372695 8.623625
0.374572 8.645497
0.376448 8.665838
0.378325 8.676974
0.380201 8.684779
0.382078 8.692730
0.383954 8.700792
0.385831 8.708929
0.387707 8.717101
0.389584 8.725268
0.391460 8.733389
0.393336 8.741423
0.395213 8.749326
0.397089 8.757056
0.398966 8.764570
0.400842 8.771828
0.402719 8.778788
0.404595 8.785411
0.406472 8.791658
0.408348 8.797494
0.410225 8.802884
0.412101 8.807797
0.413978 8.812203
0.415854 8.816076
0.417731 8.819394
0.419607 8.822136
0.421484 8.824287
0.423360 8.825832
0.425237 8.826763
0.427113 8.827074

0.427113 8.827074
0.428645 8.826929
0.430177 8.826495
0.431709 8.825773
0.433242 8.824764
0.434774 8.823470
0.436306 8.821894
0.437838 8.820038
0.439370 8.817906
0.440902 8.815501
0.442434 8.812830
0.443966 8.809895
0.445499 8.806705
0.447031 8.803264
0.448563 8.799579
0.450095 8.795659
0.451627 8.791510
0.453159 8.787142
0.454692 8.782563
0.456224 8.777783
0.457756 8.772813
0.459288 8.767662
0.460820 8.762341
0.462352 8.756864
0.463884 8.751240
0.465416 8.745483
0.466949 8.739606
0.468481 8.733621
0.470013 8.727542
0.471545 8.721383
0.473077 8.715157
0.474609 8.708879
0.476141 8.702563
0.477673 8.696223
0.479206 8.688933
0.480738 8.677216
0.482270 8.664906
0.483802 8.652002
0.485334 8.638506
0.486866 8.624418
0.488399 8.609745
0.489931 8.594490
0.491463 8.578662
0.492995 8.562268
0.494527 8.545320
0.496059 8.527829
0.497591 8.509807
0.499123 8.491267
0.500656 8.472226
0.502188 8.452697
0.503720 8.432698
0.505252 8.412246
0.506784 8.391357
0.508316 8.370049
0.509848 8.348341
0.511381 8.326251
0.512913 8.303795
0.514445 8.280993
0.515977 8.257862
0.517509 8.234419
0.519041 8.210680
0.520573 8.186662
0.522106 8.162380
0.523638 8.137848
0.525170 8.113082
0.526702 8.088094
0.528234 8.062896
0.529766 8.037501
0.531298 8.011920
0.532830 7.986162
0.534363 7.960238
0.535895 7.934158
0.537427 7.907930
0.538959 7.881565
0.540491 7.855072
0.542023 7.828461
0.543555 7.801744
0.545088 7.774933
0.546620 7.748044
0.548152 7.721095
0.549684 7.694107
0.551216 7.667106
0.552748 7.640123
0.554280 7.613199
0.555813 7.586380
0.557345 7.559726
0.558877 7.533308
0.560409 7.507215
0.561941 7.481555
0.563473 7.456458
0.565005 7.432084
0.566538 7.408622
0.568070 7.386300
0.569602 7.365383
0.571134 7.346175
0.572666 7.329015
0.574198 7.314268
0.575730 7.302302
0.577263 7.293461
0.578795 7.288030
0.580327 7.286197


0.000000 8.827074
0.001769 8.826797
0.003538 8.825966
0.005307 8.824578
0.007077 8.822626
0.008846 8.820104
0.010615 8.817003
0.012384 8.813312
0.014153 8.809019
0.015922 8.804111
0.017692 8.798575
0.019461 8.792398
0.021230 8.785565
0.022999 8.778065
0.024768 8.769886
0.026537 8.761017
0.028307 8.751451
0.030076 8.741182
0.031845 8.730208
0.033614 8.718529
0.035383 8.706150
0.037152 8.693077
0.038921 8.679324
0.040691 8.664908
0.042460 8.649849
0.044229 8.634175
0.045998 8.617915
0.047767 8.601107
0.049536 8.583790
0.051306 8.566010
0.053075 8.547818
0.054844 8.529266
0.056613 8.510413
0.058382 8.491321
0.060151 8.472054
0.061921 8.452679
0.063690 8.433266
0.065459 8.413886
0.067228 8.394609
0.068997 8.375507
0.070766 8.356653
0.072536 8.338115
0.074305 8.319963
0.076074 8.302262
0.077843 8.285076
0.079612 8.268463
0.081381 8.252479
0.083151 8.237174
0.084920 8.222593
0.086689 8.208778
0.088458 8.195761
0.090227 8.183572
0.091996 8.172231
0.093766 8.161757
0.095535 8.152157
0.097304 8.143437
0.099073 8.135594
0.100842 8.128621
0.102611 8.122504
0.104380 8.117225
0.106150 8.112762
0.107919 8.109087
0.109688 8.106169
0.111457 8.103973
0.113226 8.102463
0.114995 8.101598
0.116765 8.101337
0.118534 8.101635
0.120303 8.102448
0.122072 8.103731
0.123841 8.105438
0.125610 8.107524
0.127380 8.109943
0.129149 8.112652
0.130918 8.115606
0.132687 8.118765
0.134456 8.122088
0.136225 8.125535
0.137994 8.129071
0.139764 8.132660
0.141533 8.136269
0.143302 8.139868
0.145071 8.143429
0.146840 8.146924
0.148609 8.150330
0.150379 8.153624
0.152148 8.156786
0.153917 8.159799
0.155686 8.162645
0.157455 8.165311
0.159224 8.167783
0.160994 8.170050
0.162763 8.172103
0.164532 8.173932
0.166301 8.175531
0.168070 8.176894
0.169839 8.178015
0.171608 8.178891
0.173378 8.179519
0.175147 8.179896
0.176916 8.180022

0.176916 8.180022
0.177541 8.180013
0.178167 8.179985
0.178792 8.179939
0.179418 8.179874
0.180043 8.179790
0.180669 8.179688
0.181294 8.179568
0.181920 8.179429
0.182545 8.179272
0.183171 8.179096
0.183796 8.178903
0.184422 8.178691
0.185047 8.178461
0.185673 8.178214
0.186298 8.177949
0.186924 8.177666
0.187549 8.177366
0.188175 8.177049
0.188800 8.176714
0.189426 8.176363
0.190051 8.175995
0.190677 8.175610
0.191302 8.175209
0.191928 8.174792
0.192553 8.174358
0.193179 8.173909
0.193804 8.173445
0.194430 8.172965
0.195055 8.172470
0.195681 8.171961
0.196306 8.171437
0.196932 8.170899
0.197557 8.170347
0.198183 8.169781
0.198808 8.169202
0.199434 8.168610
0.200059 8.168006
0.200685 8.167389
0.201310 8.166760
0.201936 8.166119
0.202561 8.165467
0.203187 8.164805
0.203812 8.164131
0.204438 8.163448
0.205063 8.162755
0.205689 8.162052
0.206314 8.161341
0.206940 8.160621
0.207565 8.159893
0.208191 8.159157
0.208816 8.158414
0.209442 8.157665
0.210067 8.156909
0.210693 8.156147
0.211318 8.155380
0.211944 8.154607
0.212569 8.153831
0.213195 8.153051
0.213820 8.152267
0.214446 8.151480
0.215071 8.150691
0.215697 8.149901
0.216322 8.149109
0.216947 8.148316
0.217573 8.147523
0.218198 8.146730
0.218824 8.145938
0.219449 8.145148
0.220075 8.144360
0.220700 8.143574
0.221326 8.142792
0.221951 8.142013
0.222577 8.141239
0.223202 8.140470
0.223828 8.139706
0.224453 8.138948
0.225079 8.138198
0.225704 8.137454
0.226330 8.136719
0.226955 8.135992
0.227581 8.135275
0.228206 8.134567
0.228832 8.133870
0.229457 8.133185
0.230083 8.132511
0.230708 8.131849
0.231334 8.131200
0.231959 8.130566
0.232585 8.129945
0.233210 8.129340
0.233836 8.128750
0.234461 8.128177
0.235087 8.127620
0.235712 8.127081
0.236338 8.126560
0.236963 8.126058
0.237589 8.125576
0.238214 8.125114
0.238840 8.124672
0.239465 8.124252

0.239465 8.124252
0.241342 8.123127
0.243218 8.122217
0.245095 8.121539
0.246971 8.121110
0.248848 8.120944
0.250724 8.121058
0.252601 8.121466
0.254477 8.122183
0.256354 8.123220
0.258230 8.124591
0.260107 8.126307
0.261983 8.128378
0.263860 8.130815
0.265736 8.133624
0.267612 8.136814
0.269489 8.140390
0.271365 8.144357
0.273242 8.148719
0.275118 8.153478
0.276995 8.158634
0.278871 8.164188
0.280748 8.170138
0.282624 8.176480
0.284501 8.183211
0.286377 8.190325
0.288254 8.197815
0.290130 8.205673
0.292007 8.213891
0.293883 8.222458
0.295760 8.231362
0.297636 8.240592
0.299513 8.250135
0.301389 8.259976
0.303266 8.270100
0.305142 8.280492
0.307018 8.291137
0.308895 8.302016
0.310771 8.313114
0.312648 8.324412
0.314524 8.335892
0.316401 8.347537
0.318277 8.359328
0.320154 8.371246
0.322030 8.383274
0.323907 8.395393
0.325783 8.407584
0.327660 8.419829
0.329536 8.432112
0.331413 8.444413
0.333289 8.456715
0.335166 8.469003
0.337042 8.481259
0.338919 8.493467
0.340795 8.505612
0.342672 8.517678
0.344548 8.529652
0.346425 8.541519
0.348301 8.553265
0.350177 8.564877
0.352054 8.576344
0.353930 8.587653
0.355807 8.598793
0.357683 8.608148
0.359560 8.612810
0.361436 8.617816
0.363313 8.623166
0.365189 8.628852
0.367066 8.634868
0.368942 8.641201
0.370819 8.647835
0.372695 8.654753
0.374572 8.661932
0.376448 8.669349
0.378325 8.684667
0.380201 8.702012
0.382078 8.717907
0.383954 8.732393
0.385831 8.745519
0.387707 8.753677
0.389584 8.760369
0.391460 8.766759
0.393336 8.772845
0.395213 8.778622
0.397089 8.784086
0.398966 8.789236
0.400842 8.794067
0.402719 8.798577
0.404595 8.802763
0.406472 8.806624
0.408348 8.810156
0.410225 8.813358
0.412101 8.816227
0.413978 8.818763
0.415854 8.820964
0.417731 8.822829
0.419607 8.824356
0.421484 8.825544
0.423360 8.826394
0.425237 8.826904
0.427113 8.827074

0.427113 8.827074
0.428645 8.826929
0.430177 8.826495
0.431709 8.825773
0.433242 8.824764
0.434774 8.823470
0.436306 8.821894
0.437838 8.820038
0.439370 8.817906
0.440902 8.815501
0.442434 8.812830
0.443966 8.809895
0.445499 8.806705
0.447031 8.803264
0.448563 8.799579
0.450095 8.795659
0.451627 8.791510
0.453159 8.787142
0.454692 8.782563
0.456224 8.777783
0.457756 8.772813
0.459288 8.767662
0.460820 8.762341
0.462352 8.756864
0.463884 8.751240
0.465416 8.745483
0.466949 8.739606
0.468481 8.733621
0.470013 8.727542
0.471545 8.721383
0.473077 8.715157
0.474609 8.708879
0.476141 8.702563
0.477673 8.696223
0.479206 8.689874
0.480738 8.683529
0.482270 8.677203
0.483802 8.670909
0.485334 8.664662
0.486866 8.658476
0.488399 8.652362
0.489931 8.646335
0.491463 8.640407
0.492995 8.634589
0.494527 8.628892
0.496059 8.623329
0.497591 8.617908
0.499123 8.612640
0.500656 8.607533
0.502188 8.602596
0.503720 8.597836
0.505252 8.593259
0.506784 8.588872
0.508316 8.584678
0.509848 8.580684
0.511381 8.576891
0.512913 8.573302
0.514445 8.569920
0.515977 8.566744
0.517509 8.563775
0.519041 8.561012
0.520573 8.558454
0.522106 8.556097
0.523638 8.553940
0.525170 8.551978
0.526702 8.550207
0.528234 8.548622
0.529766 8.547217
0.531298 8.545985
0.532830 8.544921
0.534363 8.544016
0.535895 8.543262
0.537427 8.542653
0.538959 8.542178
0.540491 8.541830
0.542023 8.541599
0.543555 8.541476
0.545088 8.541452
0.546620 8.541518
0.548152 8.541662
0.549684 8.541877
0.551216 8.542153
0.552748 8.542480
0.554280 8.542849
0.555813 8.543251
0.557345 8.543678
0.558877 8.544120
0.560409 8.544570
0.561941 8.545021
0.563473 8.545463
0.565005 8.545892
0.566538 8.546300
0.568070 8.546682
0.569602 8.547031
0.571134 8.547344
0.572666 8.547616
0.574198 8.547843
0.575730 8.548023
0.577263 8.548154
0.578795 8.548232
0.580327 8.548259


0.000000 8.827074
0.001769 8.827173
0.003538 8.827470
0.005307 8.827957
0.007077 8.828623
0.008846 8.829452
0.010615 8.830423
0.012384 8.831513
0.014153 8.832694
0.015922 8.833934
0.017692 8.835201
0.019461 8.836457
0.021230 8.837663
0.022999 8.838780
0.024768 8.839765
0.026537 8.840577
0.028307 8.841173
0.030076 8.841510
0.031845 8.841548
0.033614 8.841245
0.035383 8.840563
0.037152 8.839464
0.038921 8.837913
0.040691 8.835878
0.042460 8.833330
0.044229 8.830241
0.045998 8.826588
0.047767 8.822351
0.049536 8.817513
0.051306 8.812061
0.053075 8.805986
0.054844 8.799281
0.056613 8.791943
0.058382 8.783971
0.060151 8.775370
0.061921 8.766145
0.063690 8.756305
0.065459 8.745860
0.067228 8.734823
0.068997 8.723209
0.070766 8.711034
0.072536 8.698314
0.074305 8.685068
0.076074 8.671313
0.077843 8.657068
0.079612 8.642351
0.081381 8.627178
0.083151 8.611567
0.084920 8.595532
0.086689 8.579089
0.088458 8.562249
0.090227 8.545023
0.091996 8.527421
0.093766 8.509448
0.095535 8.491110
0.097304 8.472410
0.099073 8.453347
0.100842 8.433922
0.102611 8.414129
0.104380 8.393963
0.106150 8.373417
0.107919 8.352482
0.109688 8.331147
0.111457 8.309400
0.113226 8.287226
0.114995 8.264613
0.116765 8.241545
0.118534 8.218006
0.120303 8.193980
0.122072 8.169451
0.123841 8.144402
0.125610 8.118818
0.127380 8.109943
0.129149 8.112652
0.130918 8.115606
0.132687 8.118765
0.134456 8.122088
0.136225 8.125535
0.137994 8.129071
0.139764 8.132660
0.141533 8.136269
0.143302 8.139868
0.145071 8.143429
0.146840 8.146924
0.148609 8.150330
0.150379 8.153624
0.152148 8.156786
0.153917 8.159799
0.155686 8.162645
0.157455 8.165311
0.159224 8.167783
0.160994 8.170050
0.162763 8.172103
0.164532 8.173932
0.166301 8.175531
0.168070 8.176894
0.169839 8.178015
0.171608 8.178891
0.173378 8.179519
0.175147 8.179896
0.176916 8.180022

0.176916 8.180022
0.177541 8.180063
0.178167 8.180184
0.178792 8.180386
0.179418 8.180668
0.180043 8.181030
0.180669 8.181472
0.181294 8.181993
0.181920 8.182592
0.182545 8.183270
0.183171 8.184026
0.183796 8.184857
0.184422 8.185765
0.185047 8.186747
0.185673 8.187803
0.186298 8.188933
0.186924 8.190133
0.187549 8.191405
0.188175 8.192745
0.188800 8.194154
0.189426 8.195630
0.190051 8.197171
0.190677 8.198776
0.191302 8.200444
0.191928 8.202173
0.192553 8.203961
0.193179 8.205808
0.193804 8.207712
0.194430 8.209670
0.195055 8.211682
0.195681 8.213747
0.196306 8.215861
0.196932 8.218025
0.197557 8.220235
0.198183 8.222492
0.198808 8.224792
0.199434 8.227135
0.200059 8.229519
0.200685 8.231942
0.201310 8.234403
0.201936 8.236899
0.202561 8.239431
0.203187 8.241995
0.203812 8.244592
0.204438 8.247218
0.205063 8.249872
0.205689 8.252554
0.206314 8.255262
0.206940 8.257993
0.207565 8.260748
0.208191 8.263524
0.208816 8.266320
0.209442 8.269134
0.210067 8.271966
0.210693 8.274814
0.211318 8.277677
0.211944 8.280553
0.212569 8.283442
0.213195 8.286342
0.213820 8.289252
0.214446 8.292170
0.215071 8.295097
0.215697 8.298029
0.216322 8.300968
0.216947 8.303910
0.217573 8.306856
0.218198 8.309805
0.218824 8.312755
0.219449 8.315705
0.220075 8.318655
0.220700 8.321603
0.221326 8.324549
0.221951 8.327492
0.222577 8.330431
0.223202 8.333365
0.223828 8.336294
0.224453 8.339216
0.225079 8.342131
0.225704 8.345038
0.226330 8.347937
0.226955 8.350826
0.227581 8.353706
0.228206 8.356575
0.228832 8.359432
0.229457 8.362278
0.230083 8.365112
0.230708 8.367933
0.231334 8.370740
0.231959 8.373534
0.232585 8.376313
0.233210 8.379077
0.233836 8.381825
0.234461 8.384558
0.235087 8.387275
0.235712 8.389975
0.236338 8.392658
0.236963 8.395323
0.237589 8.397971
0.238214 8.400600
0.238840 8.403212
0.239465 8.405804

0.239465 8.405804
0.241342 8.413466
0.243218 8.420950
0.245095 8.428250
0.246971 8.435361
0.248848 8.442279
0.250724 8.449001
0.252601 8.455526
0.254477 8.461851
0.256354 8.467977
0.258230 8.473902
0.260107 8.479627
0.261983 8.485153
0.263860 8.490481
0.265736 8.495611
0.267612 8.500545
0.269489 8.505284
0.271365 8.509831
0.273242 8.514187
0.275118 8.518353
0.276995 8.522331
0.278871 8.526123
0.280748 8.529731
0.282624 8.533157
0.284501 8.536402
0.286377 8.539468
0.288254 8.542358
0.290130 8.545074
0.292007 8.547618
0.293883 8.549994
0.295760 8.552206
0.297636 8.554257
0.299513 8.556152
0.301389 8.557897
0.303266 8.559497
0.305142 8.560961
0.307018 8.562297
0.308895 8.563513
0.310771 8.564620
0.312648 8.565630
0.314524 8.566556
0.316401 8.567412
0.318277 8.568213
0.320154 8.568976
0.322030 8.569718
0.323907 8.570459
0.325783 8.571220
0.327660 8.572019
0.329536 8.572881
0.331413 8.573826
0.333289 8.574878
0.335166 8.576060
0.337042 8.577395
0.338919 8.578907
0.340795 8.580618
0.342672 8.582550
0.344548 8.584723
0.346425 8.587158
0.348301 8.589873
0.350177 8.592885
0.352054 8.596207
0.353930 8.599853
0.355807 8.603831
0.357683 8.609753
0.359560 8.620523
0.361436 8.631093
0.363313 8.641454
0.365189 8.651596
0.367066 8.661513
0.368942 8.671195
0.370819 8.680636
0.372695 8.689828
0.374572 8.698764
0.376448 8.707439
0.378325 8.715846
0.380201 8.723979
0.382078 8.731834
0.383954 8.739405
0.385831 8.746687
0.387707 8.757339
0.389584 8.767915
0.391460 8.777309
0.393336 8.785592
0.395213 8.792836
0.397089 8.799116
0.398966 8.804509
0.400842 8.809091
0.402719 8.812943
0.404595 8.816139
0.406472 8.818757
0.408348 8.820870
0.410225 8.822546
0.412101 8.823853
0.413978 8.824852
0.415854 8.825599
0.417731 8.826143
0.419607 8.826527
0.421484 8.826788
0.423360 8.826953
0.425237 8.827045
0.427113 8.827074

0.427113 8.827074
0.428645 8.827023
0.430177 8.826870
0.431709 8.826613
0.433242 8.826246
0.434774 8.825762
0.436306 8.825153
0.437838 8.824409
0.439370 8.823517
0.440902 8.822465
0.442434 8.821237
0.443966 8.819816
0.445499 8.818186
0.447031 8.816327
0.448563 8.814221
0.450095 8.811847
0.451627 8.809184
0.453159 8.806211
0.454692 8.802907
0.456224 8.799250
0.457756 8.795218
0.459288 8.790790
0.460820 8.785946
0.462352 8.780666
0.463884 8.774929
0.465416 8.768716
0.466949 8.762012
0.468481 8.754798
0.470013 8.747059
0.471545 8.738782
0.473077 8.729954
0.474609 8.720563
0.476141 8.710601
0.477673 8.700060
0.479206 8.689874
0.480738 8.683529
0.482270 8.677203
0.483802 8.670909
0.485334 8.664662
0.486866 8.658476
0.488399 8.652362
0.489931 8.646335
0.491463 8.640407
0.492995 8.634589
0.494527 8.628892
0.496059 8.623329
0.497591 8.617908
0.499123 8.612640
0.500656 8.607533
0.502188 8.602596
0.503720 8.597836
0.505252 8.593259
0.506784 8.588872
0.508316 8.584678
0.509848 8.580684
0.511381 8.576891
0.512913 8.573302
0.514445 8.569920
0.515977 8.566744
0.517509 8.563775
0.519041 8.561012
0.520573 8.558454
0.522106 8.556097
0.523638 8.553940
0.525170 8.551978
0.526702 8.550207
0.528234 8.548622
0.529766 8.547217
0.531298 8.545985
0.532830 8.544921
0.534363 8.544016
0.535895 8.543262
0.537427 8.542653
0.538959 8.542178
0.540491 8.541830
0.542023 8.541599
0.543555 8.541476
0.545088 8.541452
0.546620 8.541518
0.548152 8.541662
0.549684 8.541877
0.551216 8.542153
0.552748 8.542480
0.554280 8.542849
0.555813 8.543251
0.557345 8.543678
0.558877 8.544120
0.560409 8.544570
0.561941 8.545021
0.563473 8.545463
0.565005 8.545892
0.566538 8.546300
0.568070 8.546682
0.569602 8.547031
0.571134 8.547344
0.572666 8.547616
0.574198 8.547843
0.575730 8.548023
0.577263 8.548154
0.578795 8.548232
0.580327 8.548259


