# Averaged Radial Distribution Function
# r (Å)    g(r)
0.019531 0.000000
0.058594 0.000000
0.097656 0.000000
0.136719 0.000000
0.175781 0.000000
0.214844 0.000000
0.253906 0.000000
0.292969 0.000000
0.332031 0.000000
0.371094 0.000000
0.410156 0.000000
0.449219 0.000000
0.488281 0.000000
0.527344 0.000000
0.566406 0.000000
0.605469 0.000000
0.644531 0.000000
0.683594 0.000000
0.722656 0.000000
0.761719 0.000000
0.800781 0.000000
0.839844 0.000000
0.878906 0.000000
0.917969 0.000000
0.957031 0.000000
0.996094 0.000000
1.035156 0.000000
1.074219 0.000000
1.113281 0.000000
1.152344 0.000000
1.191406 0.000000
1.230469 0.000000
1.269531 0.000000
1.308594 0.000000
1.347656 0.000000
1.386719 0.000000
1.425781 0.000000
1.464844 0.000000
1.503906 0.000000
1.542969 0.000000
1.582031 0.000000
1.621094 0.000000
1.660156 0.000000
1.699219 0.000000
1.738281 0.000000
1.777344 0.000000
1.816406 0.000000
1.855469 0.000000
1.894531 0.000000
2.0362222087930757  0.014140891256980695
2.089196391005563  0.2002711420690949
2.1580480051446305  0.4505827046022324
2.1736745907499277  0.6559403259405886
2.2052584230203953  0.8805595241217248
2.236887863712912  1.0795103023724368
2.2418534806637385  1.2848610824474853
2.2680726222904304  1.5287281749447859
2.2889669806426465  1.7693832943191141
2.2993029892900028  1.9522776275867106
2.3149637812118384  2.1383839339772415
2.3253510993340027  2.292401294823102
2.330316716284829  2.4977520748981505
2.3672766413045836  2.6967062737805163
2.382937433226419  2.8828125801710547
2.4147835139236817  2.959838363752251
2.489695347142804  2.799458628030252
2.527419213231915  2.5684667930780103
2.559755584466227  2.3695570624071447
2.565462338275385  2.1577960186127974
2.592479627287973  1.9524657623276718
2.6141208235512763  1.772800505341317
2.6411153083528403  1.5803044590214033
2.652209557016797  1.3364613109456798
2.6739989806517674  1.073373689185446
2.695811208497761  0.7974518574599994
2.728250198681688  0.5407881819456788
2.797979774945241  0.2969826608181474
2.9209229776370496  0.10454818586800306
3.0594015490900555  0.16880817211706456
3.219361687329182  0.143242371136255
3.3044784049822646  0.2395536759818079
3.38957231842432  0.3486991907925726
3.463868437945751  0.5348431241313033
3.4955776933768585  0.6888741675037723
3.553893762022096  0.8685907339649349
3.6175061086780302  1.06756203600557
3.707770876970142  1.2665504412044744
3.7181581950923053  1.4205678020503274
3.7711437794103073  1.6002809478798363
3.834813136593803  1.767166725007441
3.9518899559992744  1.8763327636081288
4.079969807224601  1.7929924939939414
4.165485598570633  1.6647051244482818
4.229690854713231  1.5299869673933995
4.293918915066857  1.3824346003733061
4.406189746998686  1.19641038914246
4.625150080213814  0.965534855666449
4.902597513656871  0.8181193139125087
5.147959422186901  0.7284371932121003
5.478381037842447  0.767151902270275
5.6593438544361625  0.9212787233290518
5.818893516876825  1.126728701722061
5.989172560605041  1.2936828914827423
6.1812866363902765  1.1718810395527657
6.309526117092783  0.998701300182093
6.682774041054422  0.9347696945718014
7.013172852498943  0.9863186135951882
7.375543167801365  1.044305161391104
7.748563049652749  1.1087156554329347
8.16451185875984  1.012725889962843
8.580415059444876  0.9424045444231745
9.028084526088588  0.9940287173429471
9.401161418467535  1.0263536864717469
9.795605856577474  1.0330239181967376
