# Averaged Radial Distribution Function
# r (Å)    g(r)
0.019531 0.000000
0.058594 0.000000
0.097656 0.000000
0.136719 0.000000
0.175781 0.000000
0.214844 0.000000
0.253906 0.000000
0.292969 0.000000
0.332031 0.000000
0.371094 0.000000
0.410156 0.000000
0.449219 0.000000
0.488281 0.000000
0.527344 0.000000
0.566406 0.000000
0.605469 0.000000
0.644531 0.000000
0.683594 0.000000
0.722656 0.000000
0.761719 0.000000
0.800781 0.000000
0.839844 0.000000
0.878906 0.000000
0.917969 0.000000
0.957031 0.000000
0.996094 0.000000
1.035156 0.000000
1.074219 0.000000
1.113281 0.000000
1.152344 0.000000
1.191406 0.000000
1.230469 0.000000
1.269531 0.000000
1.308594 0.000000
1.347656 0.000000
1.386719 0.000000
1.425781 0.000000
1.464844 0.000000
1.503906 0.000000
1.542969 0.000000
1.582031 0.000000
1.621094 0.000000
1.660156 0.000000
1.699219 0.000000
1.738281 0.000000
1.777344 0.000000
1.816406 0.000000
1.855469 0.000000
1.894531 0.000000
2.1641652347522493  0.007805881434066098
2.2706266939253  0.09129665884102223
2.2703074349709413  0.270975598353993
2.275318660343819  0.45065795849861684
2.291002256476681  0.6239300549239432
2.290717203838861  0.784357679489095
2.3115944590328037  1.0346384563373479
2.3112866021839586  1.2079002908677117
2.3163320338733735  1.3683313360645184
2.3159899707079887  1.560844485542701
2.3103288253208825  1.746937109406623
2.320716143443047  1.900954470252477
2.336342729048346  2.1063120915908335
2.3199179960571525  2.3501518190349033
2.330248303651752  2.536254704793788
2.356615672650112  2.696699432517209
2.351011537790569  2.8507065314681004
2.3613760517017095  3.017558102279167
2.3610967001166427  3.1747771743530184
2.3607888432677955  3.3480390088833802
2.360452481155167  3.537343605870261
2.3653496854729195  3.781197015840945
2.380930662656167  4.0122230571097255
2.380565795279755  4.217570416553121
2.3908390923467895  4.435758827225035
2.3797562457883465  4.6731848703181535
2.3793685742009094  4.8913664397267596
2.3897444902175646  5.051800905555219
2.4001774167617786  5.180149846470648
2.3998467557019025  5.366245890966226
2.399595909380628  5.50742220058356
2.436572937558648  5.696750741992017
2.5168893687908382  5.49466324451473
2.5170946066900703  5.379155354827822
2.5334851333647257  5.154566942331571
2.5551833401555957  4.942816160432186
2.5502861358378417  4.6989627504615
2.561357580290779  4.467953812350989
2.5618022624057786  4.217686718029351
2.572816696331143  4.018763304831871
2.5786260690899168  3.7492483161940697
2.594970987342523  3.5503283236282415
2.5954156694575237  3.300061229306604
2.585210785023561  3.043370188739053
2.596293631582009  2.8059441456459355
2.6073308697183997  2.5941865224832417
2.6291088912478564  2.3375160057056137
2.629576377573884  2.074414701418765
2.630066668110933  1.798479187166702
2.6624030393452447  1.5995694564958367
2.678839174441951  1.3493126240691613
2.6739305680186907  1.1118763190810823
2.6850932293157252  0.829530541109722
2.6961304674521203  0.617772917947029
2.728432632369893  0.43811450222398135
2.7393216431346215  0.309779243835167
2.771680818579959  0.09803530319908967
2.8038119519150415  0.014633462215133912
3.187538410842946  0.05338237758984671
3.390188032122012  0.0021755217318438847
3.453743368250383  0.23323234868550924
3.5173785191173406  0.419369440760932
3.5807970299795557  0.7274315275058706
3.6336799953479435  0.9648986181788339
3.6865857649273517  1.1895314988865853
3.75009549263367  1.4462567457706748
3.79235169566412  1.6644656802325126
3.8133201677021673  1.8634096172199168
3.887707504067701  1.9982167106977982
3.972812819615271  2.100945120525957
4.122476856576337  1.8700251188384456
4.197457102428535  1.6711427532208107
4.283075512724179  1.4851014388316954
4.341995892961595  1.324711441214736
4.475793900101593  1.023193022823596
4.76400492114874  0.8180303774895089
5.179839709200702  0.7862116618454779
5.5954692593534325  0.8699008358883566
5.744437767878217  1.0304242381398163
5.840021618392052  1.2358331689529805
6.031839239433954  1.2808760465707612
6.234659892295713  1.1334126159736673
6.437628772529135  0.9025268206026936
6.682888062109548  0.8705986447457403
6.991862317295513  0.9798878260859675
7.26885366651806  1.08915648363627
7.705907772929351  1.1151053953623105
8.207155733377727  1.012753255016074
8.623070336168276  0.9360148044938001
9.12401043976781  1.0069244986779289
9.539742608870155  1.0328597278773521
9.891565976573235  1.0266683845839
