0.0, 0.0, 0.0, 0.0, 0.0
0.28800000000000003, 0.4092499999999859, -2.7467899989175097, -7.0286e-11, -5.024654e-10
0.5760000000000001, 1.5041799999999625, -4.74183999891751, -1.2871099e-09, -1.7262589999999999e-09
0.8639999999999999, 2.9984999999999786, -5.18902999891751, -2.4866689999999997e-10, -6.59254e-10
1.1520000000000001, 4.277969999999982, -3.56608999891751, 3.045561e-10, -1.32299e-10
1.44, 5.048669999999959, -1.8110999989175098, 3.451271e-10, -1.0030399999999999e-10
1.7280000000000002, 5.41125999999997, -0.82438299891751, -1.277069e-10, -5.649549999999999e-10
2.016, 5.4274299999999585, 0.85597900108249, -2.335329e-10, -6.716449999999999e-10
2.3040000000000003, 5.0951200000000085, 0.92799800108249, -1.5730399e-09, -2.009489e-09
2.592, 5.018589999999961, -0.31194099891751004, -5.719529e-10, -4.5944499999999996e-10
2.8800000000000003, 5.2336500000000115, -1.18390999891751, -4.357259e-10, -8.786689999999999e-10
3.1679999999999997, 5.726740000000007, -2.35181999891751, -1.724489e-10, -6.08253e-10
3.456, 6.74212, -5.06650999891751, -3.884579e-10, -8.212489999999999e-10
3.744, 8.843500000000006, -10.14559999891751, -5.229079e-10, -9.42583e-10
4.032, 13.510829999999999, -24.81289999891751, -6.088069e-10, -9.0061e-10
4.32, 24.69590999999997, -59.46139999891751, 4.392331e-10, 6.131000000000017e-12
