0, 0.0, 0.0, 0.0, 0.0
0.4115700000000002, 0.8143104500000504, -3.781913, 0.0, 0.0
0.8231400000000002, 2.8266357700000526, -5.499496, 0.0, 0.0
1.23471, 4.865544370000009, -3.793137, 0.0, 0.0
1.6462900000000003, 5.640661890000047, -0.002414, 0.0, 0.0
2.05786, 5.168401310000036, 1.638464, 0.0, 0.0
2.46943, 4.728132710000011, 0.202296, 0.0, 0.0
2.8810000000000002, 5.112759110000013, -2.090936, 0.0, 0.0
3.2925699999999996, 6.445136540000021, -4.456044, 0.0, 0.0
3.7041399999999998, 9.183805340000049, -10.136024, 0.0, 0.0
4.11571, 17.64532397000005, -36.827864, 0.0, 0.0
