1.2560739669470201e-15, -289.19594812, 0.0, -0.0, -0.0
0.4115700000000002, -288.38163767, -3.781913, 0.0, -0.0
0.8231400000000002, -286.36931235, -5.499496, 0.0, -0.0
1.23471, -284.33040375, -3.793137, -0.0, 0.0
1.6462900000000003, -283.55528623, -0.002414, 0.0, -0.0
2.05786, -284.02754681, 1.638464, 0.0, -0.0
2.46943, -284.46781541, 0.202296, 0.0, -0.0
2.8810000000000002, -284.08318901, -2.090936, -0.0, 0.0
3.2925699999999996, -282.75081158, -4.456044, -0.0, 0.0
3.7041399999999998, -280.01214278, -10.136024, -0.0, -0.0
4.11571, -271.55062415, -36.827864, -0.0, 0.0
