0.0, 0.0, 0.0, 0.0, 0.0
0.20364675298172585, 0.21321999999997843, -1.4883800001576881, -1.488380000140324, -0.501563999852415
0.4072935059634517, 0.8693199999999592, -3.117800000157688, -3.117800000140324, -2.076509999852415
0.610940258945177, 2.053799999999967, -5.203610000157688, -5.2036100001403245, -5.213109999852415
0.8145870119269029, 3.929839999999956, -7.924260000157688, -7.9242600001403245, -10.733699999852416
1.0182337649086288, 6.637669999999957, -10.814200000157687, -10.814200000140323, -19.041799999852415
1.2218805178903547, 10.055319999999995, -12.651900000157687, -12.651900000140323, -28.789099999852418
1.4255272708720799, 13.754629999999963, -12.757600000157687, -12.757600000140323, -38.41159999985241
1.6291740238538057, 17.273969999999963, -11.488800000157687, -11.488800000140323, -48.517599999852415
1.8328207768355316, 20.240409999999997, -8.908990000157686, -8.908990000140323, -57.486799999852416
2.0364675298172576, 22.416889999999967, -6.511700000157688, -6.5117000001403245, -61.09449999985241
2.240114282798983, 24.36343999999997, -7.9499000001576885, -7.949900000140325, -57.418499999852415
2.443761035780708, 27.56768999999997, -15.156300000157687, -15.156300000140323, -47.826699999852416
2.647407788762434, 34.008129999999994, -33.62890000015769, -33.62890000014033, -36.76659999985241
