6.3999999999999995 , 16.384 , -3.90074736375
6.499999999999999 , 17.1640625 , -4.05428847
6.599999999999999 , 17.968499999999985 , -4.1714861825
6.699999999999998 , 18.797687499999984 , -4.25863635
6.799999999999998 , 19.651999999999983 , -4.31911451
6.899999999999998 , 20.531812499999965 , -4.3569185275
6.999999999999997 , 21.437499999999968 , -4.37526457
7.099999999999997 , 22.369437499999965 , -4.3768907525
7.199999999999997 , 23.32799999999996 , -4.36415513875
7.299999999999996 , 24.313562499999968 , -4.33927009875
7.399999999999996 , 25.326499999999946 , -4.30426598
7.499999999999996 , 26.367187499999954 , -4.26064063
7.599999999999995 , 27.435999999999954 , -4.20998860875
7.699999999999995 , 28.533312499999926 , -4.15335684875
