6.4, 16.384, -3.91318325 
6.5, 17.1640625, -4.063724125 
6.6, 17.968499999999985, -4.180256375 
6.7, 18.797687500000002, -4.265986375 
6.8, 19.651999999999983, -4.324170875 
6.9, 20.531812499999983, -4.358002 
7.0, 21.437499999999968, -4.3717005 
7.1, 22.369437499999986, -4.369167875 
7.2, 23.32799999999998, -4.35403375 
7.3, 24.313562499999968, -4.329044125 
7.4, 25.32649999999997, -4.2960675 
7.5, 26.367187499999954, -4.256444625 
7.6, 27.435999999999954, -4.21098375 
7.7, 28.533312499999976, -4.159946 
