6.3, 15.627937499999996, -2.960564375 
6.4, 16.384, -3.14105 
6.5, 17.1640625, -3.281856625 
6.6, 17.968499999999985, -3.386642125 
6.7, 18.797687499999984, -3.4590925 
6.8, 19.651999999999983, -3.5028195 
6.9, 20.531812499999965, -3.52128375 
7.0, 21.437499999999968, -3.517743125 
7.1, 22.369437499999965, -3.495220625 
7.2, 23.32799999999996, -3.456490875 
7.3, 24.313562499999968, -3.404076875 
7.4, 25.326499999999946, -3.340256375 
7.5, 26.367187499999954, -3.267073875 
7.6, 27.435999999999954, -3.186354875 
7.7, 28.533312499999926, -3.0997235 
