6.3, 15.627937499999996, -3.664704375 
6.4, 16.384, -3.7956665 
6.5, 17.1640625, -3.8897185 
6.6, 17.968499999999985, -3.95148875 
6.7, 18.797687499999984, -3.985126625 
6.8, 19.651999999999983, -3.994348375 
6.9, 20.531812499999965, -3.98247875 
7.0, 21.437499999999968, -3.952487875 
7.1, 22.369437499999965, -3.907025875 
7.2, 23.32799999999996, -3.848453875 
7.3, 24.313562499999968, -3.778872125 
7.4, 25.326499999999946, -3.700145625 
7.5, 26.367187499999954, -3.613927125 
7.6, 27.435999999999954, -3.52167875 
7.7, 28.533312499999926, -3.4246905 
