# hkl_idx  h       k       l       phi[rad]    theta[rad]   velocity[angst/ps]  TDE[eV]   phi[deg]  theta[deg]
# ----------------------------------------------------------------------------------------------
2.00    0.58    0.58    0.58    0.7853981633974483 0.9553166181245092   45.0          7.623    45.00     54.74     
5.00    0.67    0.30    0.67    0.4224295147918077 0.8313386299334925   48.0          8.673    24.20     47.63     
90.00   0.63    0.45    0.63    0.6174737373252402 0.8867692398675651   45.0          7.623    35.38     50.81     
91.00   0.47    0.47    0.74    0.7853981633974483 0.7309198725209839   48.0          8.673    45.00     41.88     
93.00   0.61    0.52    0.61    0.7051266582114499 0.9199571018572437   45.0          7.623    40.40     52.71     
94.00   0.53    0.53    0.66    0.7853981633974483 0.8479758933462516   45.0          7.623    45.00     48.59     
95.00   0.56    0.46    0.69    0.6930514756279198 0.8090761022953744   45.0          7.623    39.71     46.36     
96.00   0.59    0.55    0.59    0.746194724861053 0.9374338596302503   45.0          7.623    42.75     53.71     
97.00   0.56    0.56    0.62    0.7853981633974483 0.9029489143737965   45.0          7.623    45.00     51.74     
98.00   0.57    0.52    0.63    0.7435148675949529 0.8840767043464386   45.0          7.623    42.60     50.65     
99.00   0.62    0.48    0.62    0.6622061496058074 0.9030221286260617   45.0          7.623    37.94     51.74     
100.00  0.60    0.46    0.66    0.6534027757905533 0.8481496114841609   45.0          7.623    37.44     48.60     
101.00  0.58    0.49    0.65    0.6995103762820865 0.8657569416191815   45.0          7.623    40.08     49.60     
102.00  0.52    0.47    0.72    0.7368829525467459 0.7698723809497234   45.0          7.623    42.22     44.11     
103.00  0.50    0.50    0.70    0.7853981633974483 0.7905544626767854   45.0          7.623    45.00     45.30     
104.00  0.54    0.50    0.68    0.7404420150984441 0.8281605752724224   45.0          7.623    42.42     47.45     
105.00  0.65    0.38    0.65    0.5229005922232762 0.8568726219335978   48.0          8.673    29.96     49.10     
106.00  0.60    0.31    0.74    0.48048277073724693 0.7437752906592737   48.0          8.673    27.53     42.62     
107.00  0.58    0.39    0.72    0.5911254773171064 0.7738501360661896   48.0          8.673    33.87     44.34     
108.00  0.66    0.34    0.66    0.4733148147637365 0.8434989551251755   48.0          8.673    27.12     48.33     
109.00  0.64    0.31    0.71    0.449717432142758 0.7880613894748622   48.0          8.673    25.77     45.15     
110.00  0.63    0.35    0.70    0.5032348786994626 0.8012242275089504   48.0          8.673    28.83     45.91     
111.00  0.64    0.41    0.64    0.5710023501112528 0.8713398663171431   45.0          7.623    32.72     49.92     
112.00  0.61    0.42    0.67    0.605247577217081 0.831418041100531   45.0          7.623    34.68     47.64     
113.00  0.62    0.38    0.69    0.5551431444366307 0.8157243454511862   48.0          8.673    31.81     46.74     
114.00  0.55    0.36    0.76    0.574636567156242 0.714369253544674   48.0          8.673    32.92     40.93     
115.00  0.56    0.32    0.77    0.515364423035528 0.6987617186657179   48.0          8.673    29.53     40.04     
116.00  0.59    0.35    0.73    0.536802501272055 0.7580811858432742   48.0          8.673    30.76     43.43     
118.00  0.40    0.40    0.82    0.7853981633974483 0.6063526051167777   48.0          8.673    45.00     34.74     
119.00  0.50    0.40    0.77    0.6767169403383957 0.6892410306120669   48.0          8.673    38.77     39.49     
124.00  0.51    0.36    0.78    0.6174737373252402 0.6704555250656277   48.0          8.673    35.38     38.41     
125.00  0.46    0.36    0.81    0.6661837162093585 0.6267791034706262   48.0          8.673    38.17     35.91     
126.00  0.48    0.44    0.76    0.7327124843661631 0.7094798592398842   48.0          8.673    41.98     40.65     
127.00  0.44    0.44    0.78    0.7853981633974483 0.6693881741718909   48.0          8.673    45.00     38.35     
128.00  0.45    0.40    0.80    0.7277584489967854 0.6473322224135164   48.0          8.673    41.70     37.09     
129.00  0.57    0.43    0.70    0.6432535122819671 0.7909097459095414   45.0          7.623    36.86     45.32     
130.00  0.53    0.43    0.73    0.6855456327260325 0.750135866380238   45.0          7.623    39.28     42.98     
131.00  0.54    0.39    0.74    0.6314268336031985 0.7315627692334393   48.0          8.673    36.18     41.92     
78.00   0.65    0.27    0.71    0.39483425664335875 0.7763619071784909   51.0          9.791    22.62     44.48     
79.00   0.68    0.26    0.68    0.37046567767613203 0.8204953261708471   51.0          9.791    21.23     47.01     
92.00   0.52    0.32    0.79    0.5551431444366308 0.6533693627459866   51.0          9.791    31.81     37.44     
117.00  0.42    0.32    0.85    0.6534027757905533 0.5632132974803   51.0          9.791    37.44     32.27     
120.00  0.38    0.33    0.87    0.7144138256086211 0.5195343695345557   51.0          9.791    40.93     29.77     
121.00  0.36    0.36    0.86    0.7853981633974483 0.5422729965570598   51.0          9.791    45.00     31.07     
122.00  0.41    0.36    0.83    0.7217774490704689 0.5838543933940876   51.0          9.791    41.35     33.45     
123.00  0.47    0.32    0.82    0.6007713381215752 0.6080198376745881   51.0          9.791    34.42     34.84     
145.00  0.61    0.27    0.74    0.42242951479180774 0.7310862054924342   51.0          9.791    24.20     41.89     
146.00  0.53    0.28    0.80    0.489997685785498 0.638211656343077   51.0          9.791    28.07     36.57     
147.00  0.57    0.28    0.77    0.45388603910143566 0.6849279226655648   51.0          9.791    26.01     39.24     
0.00    0.00    0.00    1.00    0.0 0.0   54.0          10.977   0.00      0.00      
13.00   0.04    0.04    1.00    0.7853981633974483 0.05236770375071414   54.0          10.977   45.00     3.00      
75.00   0.62    0.23    0.75    0.3629686486056408 0.7201421345755477   54.0          10.977   20.80     41.26     
76.00   0.69    0.23    0.69    0.31767683382423145 0.8110526806706635   54.0          10.977   18.20     46.47     
80.00   0.65    0.23    0.72    0.33887396380003737 0.7662289901130943   54.0          10.977   19.42     43.90     
139.00  0.38    0.28    0.88    0.6375746250402492 0.4990696871832019   54.0          10.977   36.53     28.59     
142.00  0.48    0.28    0.83    0.5317615472241456 0.5913330210219839   54.0          10.977   30.47     33.88     
143.00  0.43    0.28    0.86    0.5804310673231186 0.5447655791266934   54.0          10.977   33.26     31.21     
144.00  0.53    0.24    0.81    0.42242951479180774 0.6251829653451074   54.0          10.977   24.20     35.82     
149.00  0.58    0.24    0.78    0.39056390675408975 0.673027943949574   54.0          10.977   22.38     38.56     
152.00  0.49    0.24    0.84    0.4595572254412925 0.5769702000719148   54.0          10.977   26.33     33.06     
154.00  0.01    0.01    1.00    0.7853981633974483 0.017453292519943295   54.0          10.977   45.00     1.00      
4.00    0.33    0.33    0.89    0.7853981633974483 0.47765830906225465   57.0          12.230   45.00     27.37     
7.00    0.16    0.16    0.97    0.7853981633974483 0.22439674560352563   57.0          12.230   45.00     12.86     
9.00    0.09    0.00    1.00    0.0 0.09149123260138609   57.0          12.230   0.00      5.24      
10.00   0.08    0.08    0.99    0.7853981633974483 0.10734072477825804   57.0          12.230   45.00     6.15      
12.00   0.04    0.00    1.00    0.0 0.0449878953723537   57.0          12.230   0.00      2.58      
14.00   0.08    0.04    1.00    0.4224295147918076 0.09187657563645402   57.0          12.230   24.20     5.26      
17.00   0.13    0.04    0.99    0.28216328469798585 0.13744321084837338   57.0          12.230   16.17     7.87      
18.00   0.17    0.12    0.98    0.6174737373252404 0.2042941009598297   57.0          12.230   35.38     11.71     
19.00   0.12    0.12    0.99    0.7853981633974483 0.1647621554477239   57.0          12.230   45.00     9.44      
20.00   0.12    0.08    0.99    0.5551431444366307 0.1463581942433503   57.0          12.230   31.81     8.39      
21.00   0.29    0.00    0.96    0.0 0.2895134725436231   57.0          12.230   0.00      16.59     
26.00   0.33    0.04    0.94    0.11921444718808981 0.3377991910672341   57.0          12.230   6.83      19.35     
67.00   0.43    0.04    0.90    0.09234668776952859 0.44188335243533994   57.0          12.230   5.29      25.32     
81.00   0.58    0.20    0.79    0.32584093795615604 0.6631858015481998   57.0          12.230   18.67     38.00     
83.00   0.62    0.19    0.76    0.30248140700668685 0.7110396502056581   57.0          12.230   17.33     40.74     
85.00   0.69    0.19    0.69    0.26434283073687825 0.8030710893336412   57.0          12.230   15.15     46.01     
86.00   0.66    0.19    0.73    0.2821632846979858 0.7577385753771928   57.0          12.230   16.17     43.42     
138.00  0.44    0.24    0.86    0.5032348786994626 0.5288260330467613   57.0          12.230   28.83     30.30     
148.00  0.54    0.20    0.82    0.35294771428868993 0.6144438228141434   57.0          12.230   20.22     35.21     
151.00  0.50    0.20    0.84    0.38473065687086977 0.5651403792052254   57.0          12.230   22.04     32.38     
11.00   0.17    0.08    0.98    0.4224295147918076 0.19096656653640612   60.0          13.551   24.20     10.94     
15.00   0.14    0.00    0.99    0.0 0.13937713291609266   60.0          13.551   0.00      7.99      
22.00   0.37    0.08    0.92    0.2107615962412065 0.39079368398468856   60.0          13.551   12.08     22.39     
36.00   0.33    0.28    0.90    0.7051266582114499 0.4549045020651846   60.0          13.551   40.40     26.06     
42.00   0.21    0.16    0.97    0.6534027757905534 0.26468084123272284   60.0          13.551   37.44     15.17     
43.00   0.20    0.20    0.96    0.7853981633974483 0.28592844395261846   60.0          13.551   45.00     16.38     
46.00   0.22    0.12    0.97    0.5032348786994627 0.248631153789581   60.0          13.551   28.83     14.25     
49.00   0.70    0.15    0.70    0.2107615962412065 0.7965855453272581   60.0          13.551   12.08     45.64     
77.00   0.63    0.15    0.76    0.24139193478071636 0.7038390584761846   60.0          13.551   13.83     40.33     
84.00   0.67    0.15    0.73    0.22505684371076684 0.7509361696534049   60.0          13.551   12.89     43.03     
134.00  0.41    0.16    0.90    0.3762850693336953 0.45502622915480306   60.0          13.551   21.56     26.07     
141.00  0.39    0.24    0.89    0.5551431444366307 0.48127010011661836   60.0          13.551   31.81     27.57     
150.00  0.45    0.20    0.87    0.4224295147918076 0.5156676059263675   60.0          13.551   24.20     29.55     
1.00    0.71    0.00    0.71    0.0 0.7853981633974483   63.0          14.941   0.00      45.00     
16.00   0.18    0.04    0.98    0.21076159624120647 0.18559359259242625   63.0          14.941   12.08     10.63     
33.00   0.34    0.24    0.91    0.6174737373252404 0.43492070994570753   63.0          14.941   35.38     24.92     
34.00   0.24    0.24    0.94    0.7853981633974483 0.34896401300773194   63.0          14.941   45.00     19.99     
35.00   0.26    0.16    0.95    0.5551431444366308 0.30904634885782173   63.0          14.941   31.81     17.71     
44.00   0.25    0.20    0.95    0.6767169403383957 0.3269317226422707   63.0          14.941   38.77     18.73     
45.00   0.22    0.08    0.97    0.3388739638000373 0.2386766647345013   63.0          14.941   19.42     13.68     
50.00   0.55    0.16    0.82    0.28216328469798585 0.6061047264854271   63.0          14.941   16.17     34.73     
54.00   0.67    0.00    0.74    0.0 0.7404102680250934   63.0          14.941   0.00      42.42     
82.00   0.59    0.16    0.79    0.26022609624732385 0.6554826409185839   63.0          14.941   14.91     37.56     
132.00  0.46    0.16    0.87    0.3388739638000373 0.5055003186023459   63.0          14.941   19.42     28.96     
140.00  0.40    0.20    0.89    0.467721329573217 0.4664917605852946   63.0          14.941   26.80     26.73     
6.00    0.19    0.00    0.98    0.0 0.1884795107706051   66.0          16.397   0.00      10.80     
24.00   0.33    0.00    0.94    0.0 0.3409685802289322   66.0          16.397   0.00      19.54     
27.00   0.24    0.00    0.97    0.0 0.23860045606251656   66.0          16.397   0.00      13.67     
37.00   0.28    0.28    0.92    0.7853981633974483 0.4130436215674498   66.0          16.397   45.00     23.67     
38.00   0.29    0.24    0.92    0.6930514756279198 0.390519002405394   66.0          16.397   39.71     22.38     
41.00   0.30    0.20    0.93    0.5911254773171064 0.37136979140097476   66.0          16.397   33.87     21.28     
47.00   0.27    0.12    0.96    0.4224295147918077 0.29600239240524695   66.0          16.397   24.20     16.96     
51.00   0.64    0.00    0.77    0.0 0.693906930796062   66.0          16.397   0.00      39.76     
55.00   0.71    0.04    0.71    0.05157731538623632 0.7860635131413588   66.0          16.397   2.96      45.04     
64.00   0.47    0.08    0.88    0.16792442607220817 0.4945586679190544   66.0          16.397   9.62      28.34     
136.00  0.50    0.16    0.85    0.3080117493142451 0.5559954007734017   66.0          16.397   17.65     31.86     
137.00  0.46    0.12    0.88    0.25363661617330296 0.4984526131614893   66.0          16.397   14.53     28.56     
3.00    0.38    0.00    0.92    0.0 0.3926990816987242   69.0          17.922   0.00      22.50     
25.00   0.38    0.04    0.92    0.10408066205290303 0.38979700572754183   69.0          17.922   5.96      22.33     
28.00   0.23    0.04    0.97    0.16792442607220817 0.2353467940033083   69.0          17.922   9.62      13.48     
29.00   0.28    0.04    0.96    0.13946470408550152 0.28620542630551193   69.0          17.922   7.99      16.40     
31.00   0.37    0.12    0.92    0.3176768338242315 0.39587456327879933   69.0          17.922   18.20     22.68     
32.00   0.32    0.08    0.94    0.24139193478071633 0.33919098469601855   69.0          17.922   13.83     19.43     
40.00   0.31    0.16    0.94    0.480482770737247 0.3561531782936479   69.0          17.922   27.53     20.41     
52.00   0.71    0.07    0.71    0.104080662052903 0.7881112498588069   69.0          17.922   5.96      45.16     
56.00   0.67    0.04    0.74    0.05505158146317252 0.7406341640412061   69.0          17.922   3.15      42.44     
59.00   0.64    0.04    0.77    0.059027125744490976 0.6936676669190249   69.0          17.922   3.38      39.74     
74.00   0.51    0.08    0.85    0.1523873032663347 0.5460166749687636   69.0          17.922   8.73      31.28     
39.00   0.35    0.20    0.91    0.5229005922232762 0.41816842688199085   72.0          19.514   29.96     23.96     
61.00   0.70    0.11    0.70    0.15723944100864906 0.7916047039935344   72.0          19.514   9.01      45.36     
62.00   0.67    0.07    0.74    0.11113682308446819 0.7424174139413142   72.0          19.514   6.37      42.54     
68.00   0.47    0.04    0.88    0.08298494731454333 0.49375459243932945   72.0          19.514   4.75      28.29     
133.00  0.42    0.08    0.90    0.18694842484735705 0.44270624641181267   72.0          19.514   10.71     25.37     
135.00  0.42    0.12    0.90    0.2821632846979858 0.44707102121314984   72.0          19.514   16.17     25.62     
8.00    0.36    0.16    0.92    0.4224295147918077 0.40505223936527446   75.0          21.174   24.20     23.21     
23.00   0.27    0.08    0.96    0.28216328469798585 0.2883167742676754   75.0          21.174   16.17     16.52     
30.00   0.32    0.12    0.94    0.3629686486056408 0.3453298867625751   75.0          21.174   20.80     19.79     
73.00   0.51    0.12    0.85    0.23025501896081768 0.5496183034955895   78.0          22.902   13.19     31.49     
60.00   0.67    0.11    0.73    0.16792442607220817 0.7458352542719618   81.0          24.698   9.62      42.73     
63.00   0.48    0.00    0.88    0.0 0.4958846908538251   81.0          24.698   0.00      28.41     
66.00   0.43    0.00    0.90    0.0 0.4444295831685163   81.0          24.698   0.00      25.46     
53.00   0.64    0.08    0.77    0.11921444718808981 0.6951897096976376   87.0          28.492   6.83      39.83     
57.00   0.60    0.00    0.80    0.0 0.6460210304813554   90.0          30.491   0.00      37.01     
71.00   0.52    0.04    0.86    0.07534334335730315 0.5451223530195111   90.0          30.491   4.32      31.23     
69.00   0.52    0.00    0.85    0.0 0.5467977073349314   93.0          32.557   0.00      31.33     
48.00   0.56    0.00    0.83    0.0 0.5969186526268433   96.0          34.692   0.00      34.20     
58.00   0.60    0.04    0.80    0.0636207143269794 0.645304165889219   96.0          34.692   3.65      36.97     
89.00   0.59    0.12    0.80    0.19427268608034212 0.6499523273901273   96.0          34.692   11.13     37.24     
65.00   0.56    0.08    0.83    0.13946470408550152 0.5967792471283997   99.0          36.894   7.99      34.19     
70.00   0.56    0.04    0.83    0.06898836900521788 0.5957191684916056   99.0          36.894   3.95      34.13     
72.00   0.55    0.12    0.83    0.21076159624120652 0.6002189438069224   99.0          36.894   12.08     34.39     
88.00   0.63    0.12    0.77    0.1801505861803675 0.6985617294376123   99.0          36.894   10.32     40.02     
87.00   0.60    0.08    0.80    0.12855131831158728 0.646580051309761   105.0         41.501   7.37      37.05     
