0.3527265229607776, -2.73816, -2.73816, -3.47605
0.7054530459215552, -11.4421, -11.4421, -10.0086
1.0581795688823328, -30.4573, -30.4573, -18.3058
1.4109060918431104, -90.1914, -90.1914, -30.5774
1.763632614803888, -316.439, -316.439, -0.618381
2.1163591377646656, -715.165, -715.165, 356.213
2.4690856607254434, -636.273, -636.273, 845.003
2.821812183686221, -192.574, -192.574, 571.902
3.1745387066469988, -25.0264, -25.0264, 192.953
3.527265229607776, -0.0223545, -0.0223545, 58.4923
3.879991752568554, 2.65425, 2.65425, 23.6531
4.232718275529331, 1.99634, 1.99634, 8.29932
4.585444798490109, 0.127976, 0.127976, 2.18265
4.938171321450887, -2.7751, -2.7751, -3.503
5.290897844411665, -10.3905, -10.3905, -18.5021
5.643624367372442, -28.2388, -28.2388, -53.378
5.99635089033322, -146.728, -146.728, -289.289
