0.271427958397804, -1.820115, -1.820115, -2.570335
0.5428477518605009, -6.110604, -6.110604, -6.382329
0.8142675452822616, -16.801583, -16.801583, -13.281989
1.085687338693788, -36.304028, -36.304028, -21.563774
3.799917932876972, 2.637673, 2.637673, 33.543885
4.07133772631306, 2.383736, 2.383736, 14.773976
4.342757519744799, 1.249295, 1.249295, 6.340199
4.614177313172956, -0.294262, -0.294262, 1.794092
4.8856052715707605, -2.610741, -2.610741, -2.697327
5.157025065005986, -7.20036, -7.20036, -11.158232
