3.6 , 16.6631379829499
3.65 , 17.36712306218176
3.6999999999999997 , 18.09066204240314
3.7499999999999996 , 18.834022785271408
3.7999999999999994 , 19.597473152443975
3.849999999999999 , 20.38128100557822
3.899999999999999 , 21.185714206331536
3.949999999999999 , 22.011040616361317
3.9999999999999987 , 22.857528097324938
4.049999999999999 , 23.72544451087982
4.099999999999998 , 24.615057718683293
4.149999999999999 , 25.526635582392828
4.1999999999999975 , 26.460445963665745
4.249999999999998 , 27.416756724159505
4.299999999999997 , 28.39583572553144
4.349999999999998 , 29.397950829438972
4.399999999999997 , 30.423369897539455
4.4499999999999975 , 31.472360791490324
4.5 , 32.54519137294899
