3.6, 16.6631379829499, -3.71949825 
3.65, 17.36712306218176, -3.9057755 
3.7, 18.09066204240314, -4.0626915 
3.75, 18.834022785271408, -4.1918545 
3.8, 19.597473152443975, -4.29581975 
3.85, 20.38128100557822, -4.3767935 
3.9, 21.185714206331536, -4.43321125 
3.95, 22.011040616361317, -4.4699475 
4.0, 22.857528097324938, -4.491767 
4.05, 23.72544451087982, -4.500755 
4.1, 24.615057718683293, -4.49715525 
4.15, 25.526635582392828, -4.48111525 
4.2, 26.460445963665745, -4.45480775 
4.25, 27.416756724159505, -4.42284625 
4.3, 28.39583572553144, -4.38654025 
4.35, 29.397950829438972, -4.3422025 
4.4, 30.423369897539455, -4.29184475 
4.45, 31.472360791490324, -4.24917975 
4.5, 32.54519137294899, -4.19181525 
