-26.92697195, -26.923581896709955, 6
-26.68701464, -26.68438143629595, 6
-26.95959441, -26.95892375177618, 6
-26.75756745, -26.753555111166126, 6
-26.95200294, -26.948515942693863, 6
-26.93196904, -26.937131642691902, 6
-26.90724864, -26.906712217569726, 6
-26.90915494, -26.908502747310642, 6
-26.81849694, -26.81399394317273, 6
-26.95243328, -26.946166138334362, 6
-26.86449311, -26.861663001593072, 6
-26.69370618, -26.694458517679205, 6
-9.02200583, -9.021564227511009, 2
-26.9079766, -26.903028533822724, 6
-26.988544, -26.98177744075904, 6
-27.02557995, -27.02556189723561, 6
-26.9625709, -26.954421420944783, 6
-26.97748849, -26.97546406172369, 6
-26.70919735, -26.70973202147274, 6
-26.7217103, -26.719167655441545, 6
-26.8820402, -26.876335300575164, 6
-26.73454464, -26.73327776928851, 6
-26.80989983, -26.806265409796026, 6
-26.91051757, -26.907793946011793, 6
-26.97454211, -26.97006359242839, 6
-26.63409708, -26.637264540735675, 6
-26.71003353, -26.70910795557506, 6
-26.90451867, -26.89818379035274, 6
-26.7758741, -26.77675185174811, 6
-26.86575242, -26.85967523036361, 6
-26.96079602, -26.960207111608185, 6
-26.83206027, -26.843543961782675, 6
-26.99049969, -26.985920178858446, 6
-8.96946596, -8.969428649771478, 2
-26.88985757, -26.88303710402941, 6
-26.6245835, -26.617064398385057, 6
-27.03404036, -27.031665991137494, 6
-26.98199562, -26.977209975876313, 6
-26.60241753, -26.60191274294556, 6
-26.98992922, -26.981345439355522, 6
-26.87337753, -26.863102139872126, 6
-26.74835437, -26.749348321635644, 6
-26.87207085, -26.865833340634858, 6
-26.92548889, -26.924467689127997, 6
-26.73856258, -26.73894706495861, 6
-26.79849271, -26.801267144222642, 6
-26.98176961, -26.981530225415362, 6
-26.76669712, -26.75802263990789, 6
-26.96678125, -26.96516801281232, 6
-27.00704972, -27.002375403181, 6
