-275.546548, -275.5175880068551, 64
-273.96434213, -273.8790440312086, 64
-276.34220759, -276.3373865227491, 64
-275.08289997, -274.8677038625388, 64
-274.16520091, -274.1683551817909, 64
-277.32998049, -277.3533102434354, 64
-259.78225042, -259.7152737630875, 64
-257.97180853, -258.25128537358023, 64
-260.5675467, -260.3436469287425, 64
-258.92888256, -258.9604566126773, 64
-259.52188687, -259.4757442835209, 64
-260.00093792, -259.8123553056558, 64
-258.30771865, -258.5744373348564, 64
-258.63591022, -258.814200696971, 64
-259.12812801, -258.812546144562, 64
-258.62113297, -258.6609440383435, 64
-259.17539361, -259.02988464814945, 64
-257.39828202, -257.2663422216871, 64
-252.25886637, -252.28124883562995, 64
-256.11050833, -256.0463884327067, 64
-257.44078928, -257.94994925792406, 64
-254.46101898, -254.16395478316144, 64
-255.06199297, -255.31879928377992, 64
-255.16861675, -255.17663116890975, 64
