-8.43766224, -8.439130026034178, 2
-8.49653557, -8.497452286085775, 2
-8.11808978, -8.117023422424122, 2
-7.64998364, -7.655575504485245, 2
-8.48694243, -8.487983259864919, 2
-8.51749118, -8.519105992941654, 2
-8.43551712, -8.436996015588223, 2
-8.56839153, -8.56689539707564, 2
-8.55288955, -8.55155619993208, 2
-7.75141874, -7.756721212019118, 2
-8.56003874, -8.558615338055056, 2
-8.5687779, -8.567280207857657, 2
-8.57657511, -8.575338796587843, 2
-8.29356297, -8.295663223143062, 2
-8.54842451, -8.549423672460987, 2
-8.45360638, -8.454879276818723, 2
-8.57518659, -8.57374030066957, 2
-8.29706283, -8.29740264654352, 2
-8.44917201, -8.450430750925522, 2
-8.44443331, -8.445678186561427, 2
