-8.27915622, -8.284946817842862, 2
-8.07541551, -8.077587779251873, 2
-8.29141222, -8.30093500018517, 2
-8.25339069, -8.235722044739125, 2
-8.05936779, -8.051631052875571, 2
-8.09988914, -8.135842125286992, 2
-8.35294543, -8.349448176937411, 2
-7.79282955, -7.789224896220967, 2
-8.21760462, -8.203234495679379, 2
-8.314013, -8.32370774568161, 2
-8.08896857, -8.091087137808884, 2
-8.30613871, -8.309121369472706, 2
-8.170087, -8.177247528393844, 2
-8.20450922, -8.194307671161052, 2
-7.48096488, -7.4937410468998165, 2
-8.22914804, -8.2372931766054, 2
-8.27950348, -8.27657628888255, 2
-8.27856789, -8.286701755902424, 2
-8.27097737, -8.275102293458602, 2
-8.25255485, -8.249178481172384, 2
