-8.55789168, -8.563058371445486, 2
-8.66025225, -8.659273964966882, 2
-8.8353366, -8.84503066980033, 2
-8.81591936, -8.822286019916588, 2
-8.26594647, -8.279444706224176, 2
-8.64780409, -8.650980661818888, 2
-8.51294142, -8.51136035172132, 2
-9.03429864, -9.034234890044614, 2
-9.03617877, -9.035931446399044, 2
-8.76715623, -8.768015565646927, 2
-8.15926286, -8.157711958030825, 2
-7.35861561, -7.353417831696764, 2
-8.82562091, -8.821172074442064, 2
-8.8925428, -8.88960625172413, 2
-8.9702642, -8.966584697248207, 2
-8.55057621, -8.550272530145659, 2
-8.95183455, -8.954734959019998, 2
-8.89610419, -8.897250085211486, 2
-8.39740138, -8.394051963265929, 2
-9.0337424, -9.033537074786143, 2
-8.97860108, -8.979292055244125, 2
-8.98582749, -8.984706349773495, 2
-8.64101886, -8.640597073967342, 2
-9.03344138, -9.033318387912303, 2
-8.90813216, -8.909017405332053, 2
-8.97665756, -8.975491226223207, 2
-8.94273571, -8.94315635238365, 2
-9.03448097, -9.03429834298899, 2
-7.66979255, -7.67142377993959, 2
-7.27806144, -7.28018435413559, 2
-8.92040307, -8.919620859669642, 2
-8.98800522, -8.986377595755242, 2
-8.74814872, -8.741630511190527, 2
-9.0326819, -9.032471453215258, 2
-8.84430951, -8.844603694872259, 2
-8.39226654, -8.391947056873116, 2
-9.03492759, -9.034742757646217, 2
-7.41409501, -7.416408921995676, 2
-9.00833666, -9.008277335218178, 2
-8.86281733, -8.868742356582699, 2
-9.03616092, -9.035922778110304, 2
-8.97541275, -8.97810831261214, 2
-8.95293072, -8.954043428728173, 2
-9.03347948, -9.0333042025561, 2
-9.03204344, -9.031879798157979, 2
-8.53950188, -8.536657911192393, 2
-8.97588108, -8.975176899167174, 2
