-34.27450353, -34.39002555361336, 8
-34.1558994, -34.218493810512186, 8
-34.27901206, -34.32250972767728, 8
-34.6587843, -34.64280837228842, 8
-34.07166237, -34.14901093457011, 8
-33.6741525, -33.84087158670994, 8
-34.05725689, -34.136972206280234, 8
-34.70274131, -34.71631318206456, 8
-34.47892014, -34.54924001885919, 8
-34.41107733, -34.43054729984392, 8
-33.60853802, -33.78559190615309, 8
-34.91841157, -34.880741914271916, 8
-33.72452785, -33.8638589608094, 8
-34.5295371, -34.551281496897225, 8
-34.33518702, -34.41125306329521, 8
-34.69387169, -34.682698925956636, 8
-34.58854191, -34.59800737055705, 8
-33.84742911, -33.937408092889946, 8
-34.6973751, -34.70488483217714, 8
-34.51058854, -34.54930088121249, 8
-34.55424888, -34.55502245124385, 8
-34.59520655, -34.64760829661738, 8
-34.71265612, -34.72353163106268, 8
-34.11189133, -34.188566527772885, 8
-34.50841366, -34.56708472077359, 8
-34.45106659, -34.46548533670145, 8
-34.54867031, -34.55293049616863, 8
-34.40764293, -34.48045144410082, 8
-34.73904268, -34.75683896319901, 8
-34.168796, -34.23159526148441, 8
-34.12818724, -34.2097760345023, 8
-34.71084683, -34.69706132438628, 8
-34.56948292, -34.584550088310216, 8
-34.34881716, -34.424143604743584, 8
-34.4304465, -34.48144099603305, 8
-34.60267561, -34.61655717600012, 8
-34.26486967, -34.354323359293765, 8
-34.55792584, -34.56991068034828, 8
-34.63268811, -34.68036199267836, 8
-33.33151501, -33.608868018142076, 8
