-0.013584919852972221 0.020337858189560104 0.15569219195659995
0.013584919852972721 -0.020337858189560604 -0.15569219195660045
-0.034220967427425975 -0.03137388533752443 -0.01872759384901429
0.03422096742742622 0.03137388533752471 0.01872759384901427
0.053714411637584 0.15686011741405198 -0.1450311890553195
-0.05371441163758439 -0.15686011741405234 0.14503118905531923
-0.38426958598296157 -0.1627110343635625 0.08678920377557936
0.3842695859829619 0.16271103436356243 -0.08678920377557867
-0.13065447741016856 0.06092368323155645 -0.06583110209094173
0.1306544774101681 -0.0609236832315565 0.0658311020909416
-0.01979739681525479 0.009706042984698168 0.026646416951213503
0.0197973968152549 -0.009706042984698321 -0.0266464169512131
-0.014018611321925 0.02591371060948755 -0.03748428517678393
0.014018611321925195 -0.025913710609487328 0.03748428517678408
0.17818882250897536 0.42789231210422285 0.6839907042806547
-0.17818882250897616 -0.42789231210422335 -0.6839907042806539
0.07361434660769087 -0.027352017393966345 0.3440030168138492
-0.07361434660769031 0.027352017393966394 -0.3440030168138489
-0.012516266535924215 -0.06414766454919493 -0.10283117330271117
0.012516266535924343 0.06414766454919468 0.10283117330271135
0.09269170065376162 -0.060309644447267594 0.026965708774402034
-0.09269170065376149 0.06030964444726726 -0.02696570877440197
-0.02121165506587812 0.1965505871479835 0.04567006253714759
0.02121165506587796 -0.19655058714798357 -0.04567006253714706
0.053632816769580594 0.16406366709033182 -0.02370047710763852
-0.0536328167695808 -0.1640636670903317 0.02370047710763841
-0.04012266195399508 -0.039528409819544544 0.00897822469977602
0.04012266195399497 0.03952840981954486 -0.008978224699775782
0.1286709900080906 -0.11300013087006362 0.06061734295561972
-0.12867099000809043 0.11300013087006347 -0.06061734295561999
-0.0703782767213541 0.056727555428221665 0.16703013244376086
0.07037827672135438 -0.056727555428222165 -0.1670301324437613
0.11109481764667456 0.018715357513776083 0.14669652588663118
-0.11109481764667446 -0.01871535751377575 -0.1466965258866313
0.03169084597181148 -0.04240747471911576 -0.04816378065341598
-0.03169084597181087 0.04240747471911578 0.048163780653416005
-0.0199271107941026 0.19151416454943382 -0.03794847331329602
0.01992711079410224 -0.19151416454943318 0.03794847331329569
0.11587904211136497 -0.14709881864602617 0.019916777638450154
-0.11587904211136509 0.14709881864602625 -0.019916777638450095
