-0.0 -0.0 -0.01665496
0.0 0.0 -0.01665496
-0.0 -0.0 0.01665496
-0.0 -0.0 0.01665496
0.0 -0.0 -0.06675829
0.0 0.0 -0.06675829
-0.0 -0.0 0.06675829
0.0 0.0 0.06675829
-0.0 -0.0 -0.0574679
-0.0 0.0 -0.0574679
0.0 0.0 0.0574679
0.0 -0.0 0.0574679
0.0 0.0 0.06315899
-0.0 -0.0 0.06315899
-0.0 0.0 -0.06315899
-0.0 -0.0 -0.06315899
0.0 0.0 -0.04317154
0.0 -0.0 -0.04317154
0.0 0.0 0.04317154
-0.0 -0.0 0.04317154
0.0 0.0 0.12196605
-0.0 0.0 0.12196605
-0.0 -0.0 -0.12196605
0.0 -0.0 -0.12196605
0.0 -0.0 -0.03333486
-0.0 -0.0 -0.03333486
-0.0 -0.0 0.03333486
0.0 0.0 0.03333486
0.0 0.0 -0.05319225
-0.0 -0.0 -0.05319225
-0.0 0.0 0.05319225
-0.0 -0.0 0.05319225
-0.0 0.0 0.07245845
-0.0 -0.0 0.07245845
-0.0 0.0 -0.07245845
0.0 -0.0 -0.07245845
0.0 0.0 0.11343597
-0.0 -0.0 0.11343597
0.0 0.0 -0.11343597
0.0 -0.0 -0.11343597
-0.0 0.0 -0.00046132
0.0 -0.0 -0.00046132
0.0 0.0 0.00046132
-0.0 -0.0 0.00046132
-0.0 0.0 0.00366854
0.0 -0.0 0.00366854
0.0 0.0 -0.00366854
-0.0 -0.0 -0.00366854
-0.0 -0.0 0.15439617
0.0 0.0 0.15439617
-0.0 -0.0 -0.15439617
-0.0 0.0 -0.15439617
-0.0 -0.0 -0.04575248
0.0 0.0 -0.04575248
-0.0 -0.0 0.04575248
0.0 0.0 0.04575248
0.0 -0.0 -0.06499055
-0.0 0.0 -0.06499055
-0.0 -0.0 0.06499055
0.0 0.0 0.06499055
0.0 0.0 -0.03351363
-0.0 0.0 -0.03351363
-0.0 -0.0 0.03351363
0.0 -0.0 0.03351363
0.0 -0.0 0.00180512
0.0 -0.0 0.00180512
-0.0 -0.0 -0.00180512
-0.0 0.0 -0.00180512
0.0 0.0 -0.05002471
-0.0 -0.0 -0.05002471
0.0 0.0 0.05002471
-0.0 0.0 0.05002471
0.0 -0.0 -0.05779696
-0.0 -0.0 -0.05779696
-0.0 0.0 0.05779696
0.0 0.0 0.05779696
0.0 -0.0 -0.06404575
0.0 -0.0 -0.06404575
-0.0 0.0 0.06404575
0.0 0.0 0.06404575
