-2.242982 -0.956016 0.460479
-0.10095 1.443972 -1.661568
-1.176826 0.296462 -0.415755
-2.129339 -1.160915 -0.271541
-1.050442 -0.819608 0.483013
0.55837 -0.732073 -0.991784
0.837753 0.765558 2.010581
0.148456 0.273282 -1.274446
-0.630964 -0.005483 0.30385
2.065127 -0.804365 -0.098378
0.347822 0.452377 1.51443
-2.404851 0.762405 1.72929
0.9588 -0.224959 -0.228398
1.523453 0.097374 -2.170759
-1.295999 -1.254016 0.002483
-0.517707 -1.567702 0.664025
0.605396 0.801327 2.014748
-0.077185 1.325039 -1.09008
0.760613 -1.220669 -1.237488
-0.342639 -0.871103 1.512674
0.03344 0.938293 0.578947
0.059595 1.934574 -0.321415
0.435848 0.824332 0.289826
1.863868 -1.465863 1.110761
-0.025952 -1.493994 -0.294447
-1.710667 -1.510227 1.766845
-0.543054 0.141009 0.731575
0.530954 -1.088787 -0.469645
-1.050431 0.844121 0.121502
1.294893 1.234791 0.782451
-0.156294 0.794655 -1.605891
1.377033 0.150051 0.215756
-1.49777 1.303419 -1.151653
-0.005029 -4.130586 0.146685
-1.024548 1.811017 -2.581597
0.548658 -0.847434 1.100414
1.110293 -1.614537 -1.022531
-1.554281 -0.410967 0.881004
-0.696549 1.834671 0.866716
1.27475 0.68303 -1.69507
-0.516424 0.038506 -0.642364
1.193326 2.222442 2.464012
1.573566 0.647073 0.223344
0.168719 -0.288498 -0.16952
1.271239 -0.259287 0.508043
0.998824 -0.36907 1.050462
-1.236215 -0.264054 -2.046166
-1.458509 1.209662 -0.692089
0.302534 0.58566 -0.840755
0.118172 -1.290994 0.50024
-0.659512 1.09537 -0.18939
0.536419 -0.176224 1.2864
0.83677 -1.236747 0.706248
-1.33919 0.370987 1.76243
1.563446 0.048007 0.110998
-1.214783 0.770143 -2.294415
-0.721478 -1.902716 2.024533
-0.138525 -0.5508 -1.300636
-0.488545 0.141683 -0.382218
0.138477 0.162097 -0.035166
0.149619 0.064064 -2.03047
-0.580456 0.51432 0.173167
-0.084642 0.579703 0.354071
3.486503 1.356216 -1.246369
1.103318 0.137422 0.863772
0.418042 0.143811 2.072496
-2.65955 -1.17799 0.726894
1.206052 0.819167 -1.822124
0.431379 -0.394368 0.140268
-0.304864 -0.102344 -1.293575
-1.610368 -1.09122 0.538569
1.260611 0.575968 -1.836013
0.410195 1.607268 -0.876658
0.232435 -2.369654 -2.243414
1.885149 -1.673317 -1.622766
-1.185312 -0.20015 -1.463962
-1.846229 0.553567 -0.041646
0.46983 -0.009954 0.915672
-1.447241 -0.154436 -0.393987
-0.575751 -0.206467 -0.561094
1.243505 1.121124 0.531755
-0.25102 -0.548502 0.827629
-0.058724 -2.508699 -0.101315
-1.018584 3.120341 0.412922
0.582111 0.610784 -2.177165
0.960881 1.455046 0.373303
-1.727757 0.101701 1.052719
0.72802 1.769979 -0.150532
-0.036255 -0.792255 -1.533873
0.512632 -0.717542 -0.37929
-0.445516 -0.291101 1.174011
-0.000927 0.078306 0.317708
-0.679091 1.621154 0.326735
0.795178 0.872787 1.146006
-1.501622 0.674835 -0.647885
-2.041659 -1.055234 -2.070199
1.809228 1.557139 2.060516
-1.689403 -0.846498 -0.75007
1.045764 2.631215 0.585106
1.98091 -1.541442 2.080275
-1.869834 2.325989 -1.521068
0.379681 0.617299 0.960528
-0.521815 -0.142827 -0.727206
-0.049144 1.666413 -0.955098
0.264727 -1.858803 0.7072
-0.09863 0.176997 0.014451
2.551607 -2.73071 -1.149969
-0.56589 -0.711485 0.624136
-1.251994 -0.916924 0.037883
0.915088 -0.700563 1.575357
1.275815 0.907434 -0.846487
-0.689634 0.291077 1.211208
-0.622283 -1.560591 0.809257
0.197289 0.220148 1.399711
-0.061671 -0.927963 -0.975531
-0.029993 1.340243 -0.57531
-0.475182 -0.998246 -0.021881
0.976722 -0.208909 0.710323
0.419208 0.100393 -1.864743
0.269368 0.500072 1.367663
-0.787599 -1.606395 0.525061
-0.752199 0.111733 -0.133093
1.497018 -0.826704 -0.252969
-0.121403 0.465204 0.225297
-0.547893 -1.058719 1.153327
0.871116 0.902011 1.376467
1.473345 0.163385 0.431367
-0.641193 0.689999 -0.28667
1.862411 -2.157644 -1.331019
0.043852 -0.096386 -1.927066
0.159999 -0.8905 1.587786
1.319569 1.033409 -0.023865
0.567364 -1.43064 0.594201
-0.61505 1.439982 0.24821
1.0813 -0.567508 0.83647
0.92867 -2.279432 0.050115
-0.508532 -0.556252 -0.002777
0.500403 1.155749 -0.271237
-0.803384 0.980034 0.409322
0.337366 1.199078 0.980094
-0.860396 -0.684567 0.85918
0.711247 0.141338 0.103131
-0.383359 -1.360638 0.527959
0.416093 0.000341 -0.774989
-0.889453 1.14142 -1.610836
1.258623 -0.070324 -0.221928
-0.620405 -0.1184 -2.018436
-1.341827 0.256725 -0.199887
-1.640335 0.456031 -0.72544
0.333958 -1.308222 -1.044725
0.19877 0.830127 -0.853195
-0.039542 1.129008 -0.421247
-0.382067 1.173456 -0.845023
0.903575 0.946316 -0.624968
0.728815 -1.122118 0.30817
-1.203488 1.403025 -0.761485
-1.555978 0.856592 -0.150884
-0.700488 -2.121736 1.561801
0.66965 -1.303896 -1.108248
-2.21105 0.96365 1.729619
0.522732 0.882558 0.730095
-0.556755 -0.008133 1.54712
0.895755 0.478243 0.039548
0.025975 -0.19746 -1.762967
0.12018 0.069435 0.213109
-1.5463 -1.011915 1.310642
0.731227 2.410263 -2.067362
0.968235 1.879512 0.651402
-0.436979 -0.13034 0.687724
1.614847 -0.213904 -2.369569
0.086105 -1.648042 1.549086
0.029119 -0.165358 -0.2003
-3.211687 0.864948 1.645236
-1.329661 -1.772056 0.948841
1.75476 0.774206 1.198362
1.385996 -1.072164 0.968587
-2.111787 0.028025 0.161873
1.863854 0.224666 0.529236
-0.527743 -0.031436 0.843807
0.456697 -1.664883 -0.318112
-0.481608 0.347393 -0.894237
-0.054693 0.849963 0.005158
-0.716138 0.430501 -1.417992
-0.488177 -0.8548 0.220875
0.03387 0.972223 0.441262
0.015042 0.551878 -0.147139
0.587385 0.849492 -1.113644
0.486542 -0.353897 -0.645578
-0.300473 -0.188543 0.092612
1.05628 -1.296563 -0.024095
0.544325 0.322959 2.246327
0.316763 -0.364789 0.051291
-0.780059 -0.437778 -1.295868
-1.049865 1.012962 -0.036817
0.61039 0.281062 0.088492
0.857324 -0.837323 0.179963
0.304664 1.685772 -0.799636
-0.458898 -0.098326 1.200923
1.156855 -1.57833 1.739924
-0.804507 -0.930137 0.00085
1.210955 -0.573799 -0.396122
-0.938175 -0.41674 0.38373
1.429412 1.687305 0.193898
-0.56919 0.718709 0.494615
0.205714 -1.617249 -1.174264
-1.151026 -0.832525 -1.504631
0.63767 2.899196 -0.612053
-0.208689 1.066214 -0.437775
0.118141 -2.077869 -0.833804
-0.411382 0.232803 -0.29377
0.565071 -1.547475 0.121998
1.025282 -0.307606 2.727626
0.936851 1.049923 1.459607
0.605622 -1.44844 1.849511
-0.339268 -0.66004 -2.905482
-1.943048 -1.154734 1.734682
1.228886 -0.29973 -0.216144
0.643441 1.524868 -1.526107
-0.475391 1.331702 -0.42543
0.606942 -0.853674 -0.067882
1.260896 -0.524749 -0.394855
1.631313 1.667192 -0.314521
0.04614 0.295529 -0.654916
-0.532808 -1.095071 -0.184423
-0.946811 -0.181526 0.220021
-0.218435 -1.64632 -1.417102
1.34532 0.099889 0.407847
-1.982917 -0.720713 0.824981
-0.074071 1.451919 0.569139
-0.639371 -0.651501 -0.264659
0.418264 -1.080303 1.063001
-0.243464 1.555656 0.0803
-0.398137 1.937116 -1.185885
0.702743 -0.818404 2.48068
0.245681 0.825328 -1.082872
-1.236223 0.452357 -0.948877
-1.961768 1.89868 1.029652
-1.33476 -0.190606 1.076737
-0.927318 1.007279 0.353467
-1.400912 0.765474 -2.012881
-0.287171 0.239915 -0.760274
0.092802 -0.26524 -0.904492
-0.361215 0.586686 0.664867
0.124058 1.480669 -0.638892
1.937861 -0.375574 1.476577
1.810679 -0.454084 -1.788835
-0.61746 -2.111781 1.210648
-0.937455 0.302241 1.181699
-0.719912 -1.749934 -0.113997
-1.095672 0.686441 1.142036
-1.369759 -0.065778 0.912631
3.051981 -1.254201 -1.220924
1.747015 0.919103 -1.646524
0.337103 -0.929986 1.499486
-0.847385 -0.325921 -0.402076
0.367448 0.451476 0.093203
-0.36281 -0.490778 -1.403496
0.865171 -0.761262 -0.318776
-1.382757 -0.748082 -0.902018
1.306316 1.058777 0.540878
1.182967 -0.753774 -1.465298
0.800787 -0.871207 1.713139
0.873099 -0.195885 -0.059941
-2.685406 -1.741736 0.794531
-1.181582 0.081499 -1.104398
2.365402 0.628431 0.623186
-0.736832 -0.97095 0.156846
0.69008 1.531459 -1.070625
-0.129149 -1.384128 1.124935
-0.573593 0.865557 -1.805959
2.039148 1.143361 0.968637
-0.854013 -0.465781 -1.790341
-0.060041 -2.504188 -0.008499
-0.364034 -0.675862 1.394877
0.966618 1.500093 -0.215034
0.981611 0.272569 2.537979
-1.380403 1.69203 -1.197673
-0.771465 0.902673 -1.576482
0.474832 0.908515 -1.034879
-0.408789 -1.040935 2.264271
0.700051 1.171167 -0.098692
-1.670547 -1.203055 1.266249
1.419559 0.403229 -0.771794
-1.874782 -2.252228 1.338654
0.861998 -0.856087 -0.100251
-0.072941 1.843246 -0.774128
-0.019023 -2.551889 0.028028
0.918588 1.46532 0.473394
-1.355352 0.769334 0.27463
1.353119 -0.752487 0.003879
-0.52082 -0.868839 0.504506
-0.511777 0.765826 -2.196414
-0.810432 0.142119 -0.607119
0.909139 1.952466 0.160204
-0.800179 -0.389293 0.648262
0.756675 0.220724 0.359861
-1.69257 -2.532203 0.688692
0.068006 3.016914 -1.806259
-1.29116 -1.138281 -0.456719
-0.643643 -1.026285 1.800816
-0.491022 0.171611 1.316358
-2.573167 1.153462 -2.496647
2.735108 0.028013 1.364147
1.175452 0.537923 -0.667569
-0.516365 -1.117402 -0.292814
1.506758 2.146022 0.837437
0.946453 1.404573 -0.443346
-0.277246 0.120723 -1.81586
1.304 0.78519 -0.778246
-1.334933 -0.952438 -0.557435
1.078209 0.353507 2.474478
-1.183412 0.084841 0.968363
-0.697627 -2.389545 1.123834
1.240274 0.579383 -1.821941
-1.610846 0.398697 -0.986073
-0.439742 0.055438 0.741544
2.228343 0.504145 -0.165182
-0.661487 -0.334722 -0.874622
1.551157 1.118535 1.064264
-1.358973 -0.808048 2.107649
0.328979 -0.084276 -0.786813
0.075245 -1.269405 -0.257343
-0.405238 0.243039 0.167453
1.356571 -0.535472 -0.300409
-0.343954 0.134701 0.340608
-0.792285 1.948353 -0.867512
0.655013 -1.975398 1.775334
1.532959 -1.845253 1.394355
-0.563835 0.32281 0.108931
-0.816009 -0.952742 0.40585
0.545931 -0.534469 1.235937
-0.930405 0.535261 -1.867732
-0.480868 0.33221 -0.329888
1.42455 0.613609 -0.314473
-0.997134 1.15779 -0.019561
1.363547 -2.197534 0.357794
0.875959 -1.096136 0.026125
2.253909 -1.390402 1.062868
0.589545 1.203045 -0.647124
-1.351654 -0.405939 -0.546882
-0.792263 -1.293546 -0.29086
-0.718814 0.602036 -0.68829
-0.443237 1.258877 1.508264
1.142337 -1.131185 1.970398
-0.379952 0.563631 -1.679151
0.069699 -0.87664 0.818852
-0.142928 1.157311 0.573963
-1.14993 0.054557 0.772773
-1.032617 0.751122 0.050079
-1.375956 -0.61491 1.200299
0.188216 -0.326389 -2.088047
-0.600151 1.408204 0.979653
0.246669 -2.058702 0.925757
-1.063912 -0.753135 -0.601595
-0.795841 -0.281145 0.88037
2.326524 0.793702 -1.476623
-1.126368 2.0943 -0.583465
1.272733 0.548117 -0.059765
0.256098 -0.284155 -1.212605
0.581338 -0.577226 0.57902
0.24067 -1.050632 -0.362842
-1.201283 -0.435275 -0.685114
0.217803 0.367702 -0.226843
0.706187 -1.45882 1.301573
-0.996144 2.2291 -1.882713
0.11147 1.053534 0.773446
-0.064187 0.219271 -1.24158
0.280703 1.550233 0.648006
1.847999 0.301568 -2.436561
0.69047 0.748094 -0.472954
0.04179 0.527693 1.66864
-0.148272 -0.28694 -0.040688
1.33735 -1.384967 0.089351
1.26587 0.281834 -1.425795
-0.960298 0.657986 1.45128
-1.054744 0.895261 0.606564
-0.388904 0.879297 0.088268
-0.197762 1.588093 -1.448975
-0.244755 0.679497 -1.362099
-0.253948 -0.585444 -0.013819
-0.713333 -0.282317 0.937585
-0.514515 -2.057278 0.593415
-0.364871 0.287236 -0.525864
-0.419768 0.036653 1.451178
0.753893 0.304792 0.043397
-0.933112 1.903369 -0.014915
-0.494594 -0.189905 -0.027281
0.260767 0.309996 0.074887
-0.031694 0.116498 -0.096022
0.625806 -0.185553 0.569783
-0.547256 -0.241687 -0.110752
-0.361328 0.065689 0.138306
-0.746455 0.758656 1.040508
-0.342743 -0.035545 -0.644723
-0.368499 0.351188 -0.348502
-0.161175 -0.749796 -0.671746
-1.938136 1.164921 0.958324
-3.185976 -0.11989 -1.104128
0.42564 -0.365837 0.001714
0.029464 0.24933 -0.502982
0.58247 -1.862692 1.602458
0.183143 1.10608 -0.568699
0.14364 -0.15179 -1.446784
1.026235 -0.209062 1.343027
0.81312 -0.656756 -0.354382
-0.092697 0.900616 -1.544279
0.317282 0.265305 0.154278
-0.169039 -0.063014 0.121484
0.161717 2.066614 -0.605872
-0.099038 -0.079934 0.186848
0.422352 -0.31347 0.630098
0.218196 -0.399459 -0.309683
1.186821 -0.348512 -1.041943
0.679628 -0.046218 -0.350242
-0.71543 0.67096 1.008603
-0.598654 0.098151 -0.73886
-0.103788 -0.145048 0.092677
-0.744556 -0.442674 -0.417085
-0.209911 0.298239 0.254804
-0.094348 -0.141847 -0.118277
-0.218418 -0.651583 0.74866
-0.098846 0.019784 0.458048
2.370416 -0.175237 -0.796289
2.892149 0.197423 0.67534
0.439712 0.331511 -0.905349
-1.018631 -2.019908 -0.590132
0.371403 -0.070136 0.091326
-0.114745 0.006415 -0.014119
-0.780785 -0.167295 2.120107
-0.221968 0.366127 0.25633
0.284079 -1.278376 0.457148
-0.075557 -0.229481 -0.276681
0.175058 -0.192024 -1.257781
1.743664 0.122998 -0.144757
0.449593 -0.002363 0.654199
-1.143772 0.052571 -1.731875
1.048624 1.312276 1.386421
0.066621 -0.342619 -0.311847
-0.120147 -0.249505 1.01381
2.411342 0.032147 1.563745
-1.927083 -0.51962 -1.813218
0.400359 -0.239736 0.80576
-0.363319 0.674857 0.123897
-0.745492 0.000665 -0.025388
-0.467825 0.201034 0.345261
0.40284 0.119572 0.133147
-1.524577 -0.3154 0.668523
-0.126438 -0.865811 -0.838324
0.502208 1.22042 -0.077482
0.084418 -0.488541 -0.10707
1.090445 -0.409441 -1.245902
1.377157 -2.192966 -1.083825
-0.356482 1.556409 0.293916
0.086313 0.158094 -0.235446
-0.368486 1.319418 1.859256
0.253084 -0.288487 -0.752146
-0.296529 0.374982 0.402763
-0.402626 -0.464791 -0.018052
-0.729569 0.836749 -0.406321
-0.184166 -1.005218 0.116654
0.994792 -0.775885 0.213173
-0.522304 -0.013246 0.951851
0.79938 0.590055 0.784136
0.132154 -0.347651 0.059397
-0.155972 -0.320327 -0.774097
-0.600298 -0.068688 0.095014
0.257619 -1.358733 1.249028
-1.051634 1.231313 -1.021848
1.305537 -0.166146 0.065932
-0.533717 0.206672 -0.378561
-1.286827 0.410506 0.294967
-0.437185 -0.142579 0.046449
0.280211 0.491555 -0.459107
-0.314712 -0.049217 0.103004
-0.117225 -0.178748 0.211658
2.026961 -0.230285 0.372133
-0.418153 0.251045 0.779112
-0.693271 0.027068 -1.231735
-0.940574 0.744399 1.015568
-0.803648 0.084861 -0.441474
0.445716 -0.911283 0.218094
0.761195 -0.430657 0.344146
2.305858 -0.23813 -0.838879
0.396023 0.337965 -0.063959
-2.064525 1.280178 0.410336
1.491877 1.067391 -0.042854
-1.189833 -0.178291 0.872684
-0.85709 2.798962 2.606469
-0.016037 -0.388082 0.492907
1.07581 0.026123 0.585239
-0.239603 -0.130449 -0.420637
-1.097364 0.993191 -0.081043
-0.358122 -0.25841 -0.22654
-0.497888 -0.237644 0.286237
0.571419 -1.048741 0.817712
-1.01863 -0.014361 0.497538
-0.415701 -0.368133 0.143138
-0.525246 -0.084 0.152715
0.374798 0.139763 -1.407753
0.733458 -0.216139 -0.844171
0.016665 0.911462 1.994947
0.213039 0.066186 -0.509585
1.163277 -1.673021 -1.388692
0.378299 0.40039 0.340281
-0.078788 0.04536 -0.499909
-0.74192 0.189247 0.403795
0.094813 0.670516 -1.033864
0.641071 0.259858 0.293061
-0.259169 -0.958946 -1.629591
-0.617551 -2.92454 -2.112788
-0.017825 0.017183 -0.020113
0.355078 -0.145543 -0.019863
0.090303 -0.093395 -0.432223
-0.077067 0.684983 0.183453
-0.064992 -0.091958 0.111218
0.535745 -1.252036 0.075693
-0.01227 0.464885 -0.266846
1.444688 0.359799 0.200379
0.019656 -0.099188 -0.272984
0.63505 0.629277 0.02235
0.083772 -0.221899 0.075526
-0.602543 0.363256 1.489096
-0.743599 0.446841 -0.82741
-0.539087 -0.765849 0.002743
-0.208906 0.337864 0.22031
0.550179 -0.451993 0.01071
1.022842 -0.067049 -0.780711
-0.054374 -0.146564 0.921203
-0.679182 -0.173558 0.641128
0.246126 0.356397 0.29663
-0.235991 -0.160085 -0.574337
-0.305317 0.259596 0.274073
-0.298434 -0.061773 -0.014385
0.128083 0.473435 0.512246
-0.280854 0.040878 0.100486
-0.024614 -0.087165 0.166701
-0.099346 0.795011 1.280899
-0.098615 -0.259068 -0.042101
-0.221462 -0.232386 0.126045
0.330405 0.05042 -0.006427
0.196318 -0.261648 -0.170415
-1.141304 -0.865875 0.466544
0.293135 -0.409218 0.201415
-0.261104 0.179403 -0.753512
0.74997 0.072512 -0.368476
-1.363296 0.297267 0.439837
0.722564 0.832762 0.165501
0.497002 0.226755 -0.237361
-0.069987 0.023339 -1.086055
-0.691252 -0.65448 -0.145993
0.038647 -0.583729 -0.173136
0.440719 -0.40542 -0.200772
-0.462833 0.234221 0.148674
0.243222 -0.394158 -0.249396
-0.179366 -1.063318 0.114778
0.123598 0.558144 -0.100252
-0.028781 0.933614 -1.129734
-1.390498 0.570263 -0.623685
-0.532259 -0.151158 -0.080848
-0.673252 0.915851 0.644788
0.657126 -0.569027 0.671646
0.00023 -1.928829 -1.359783
-0.495609 1.23175 -0.271028
1.251636 -0.406064 0.861386
-0.49399 -0.131328 -0.087109
0.567449 -0.084607 -0.854906
-0.293562 0.302609 0.809514
1.757013 -0.444211 -0.329275
-0.83028 -0.094739 -0.530043
-0.10769 2.334304 0.439085
-0.328066 0.508547 -0.169314
-0.629313 0.190348 0.011352
0.597627 0.282966 0.07787
-0.155005 -0.071355 -0.098337
0.27694 -0.692852 1.136489
1.174051 -1.581316 -0.662914
1.711127 -0.922829 1.42462
0.317236 -0.681801 -0.101055
0.057056 -0.871884 -1.553268
-1.054093 1.305445 1.647346
-0.038151 -0.874304 -0.680825
0.009942 -0.182026 -0.490197
-0.201728 0.308454 -0.915154
1.170802 1.059505 1.512376
2.129607 0.046303 0.49997
-0.212543 -0.712992 0.464159
0.350016 -0.493251 0.716471
-0.918248 -0.423344 -1.41232
-0.00299 -0.663597 0.219814
-0.627302 0.731729 -0.64001
-0.336629 -0.611391 -1.254157
-0.408974 -0.399168 0.338036
0.432969 -0.011672 -0.315345
-0.006871 0.028498 -0.31483
-1.366842 0.93904 1.101203
1.781489 -0.90606 -0.918968
0.045864 0.172373 0.404869
0.057255 0.693754 0.10784
1.004459 0.02605 -0.467205
-0.281559 -0.150907 0.054077
-0.891082 -0.729267 0.294785
0.877341 -0.740776 1.025067
0.270281 0.75457 -0.131586
0.996117 -1.072006 -0.704949
-0.441804 -0.349707 -0.002197
1.468461 0.887605 -0.932133
-0.949962 0.643937 1.109209
0.9442 -2.129082 -1.099733
-1.015677 -2.116658 0.602413
0.516006 0.686288 0.631179
0.142096 -0.01806 0.401764
-1.259253 2.353742 -0.758909
0.254389 0.086262 -0.178311
2.363539 1.308235 0.115918
-2.665071 1.585362 -0.084871
0.144911 0.162394 0.470673
-0.24493 -0.84393 0.937195
0.454936 0.969276 0.429356
-0.268145 0.157681 0.345203
-2.500714 -0.47624 -1.093146
0.106844 0.236505 0.437943
0.029451 -1.31333 -0.20818
0.19084 -0.127501 0.448753
0.158146 -0.575405 0.009415
0.00877 -0.097465 0.334964
-1.482089 0.432828 0.489193
-2.028503 0.606167 -1.129842
-0.300486 1.017334 0.300013
0.304528 1.047107 0.024503
0.307158 0.340629 -0.662406
-0.267374 0.332625 -0.830928
-0.38948 0.498995 0.220109
0.630296 0.162336 -0.2404
0.628061 0.057538 -0.182955
-0.074636 -0.121562 0.925102
-0.18819 0.004032 -0.260461
0.400501 0.1497 -0.423174
-0.133441 -0.533956 0.046469
-0.152363 -0.185288 -0.152045
0.444436 -0.456842 0.049551
0.371176 0.879471 -0.49825
-1.615001 -0.695562 0.344965
0.197614 0.77514 0.186798
0.604455 -0.747955 -0.053435
0.717848 1.660307 -1.470725
-1.212243 -1.373069 0.841371
0.81605 -0.749772 -0.146832
0.875969 -0.361941 1.014106
0.063779 -0.126198 -0.160648
-0.521402 1.370073 -0.183197
0.141755 0.727804 0.825056
1.372142 0.780752 -1.160343
-0.184206 0.431548 0.101664
-0.390736 -0.051625 -0.062471
-0.139232 -1.177723 0.197054
0.014519 1.201697 -0.450617
0.153205 -0.285615 -0.238571
0.389703 -0.198042 0.001872
0.129465 -1.350572 -0.085749
0.405097 -0.871829 -0.375804
-0.578717 1.061424 0.546666
0.025413 0.046559 0.274571
-0.060458 0.353251 -0.252755
-0.198678 0.391017 -0.614654
-0.279578 0.566553 1.173639
-0.812399 -0.021425 -1.857923
0.3321 0.333973 1.462537
0.03213 0.031894 -0.509694
0.323003 -0.778044 0.007739
1.379299 0.227743 -0.899465
-0.067844 0.247697 -0.024242
-0.9619 0.975098 0.433577
-0.306338 -0.248923 0.27151
-0.363528 -0.498564 -0.168167
0.785543 -0.353373 -1.20998
-0.002292 -0.350566 0.449832
0.036865 0.215269 -0.336345
-0.029485 -0.106654 0.559161
-1.406319 -0.64701 0.480386
-0.107278 -0.019992 0.076013
-0.552005 0.898103 -1.605999
0.640523 -0.013507 2.117116
0.069079 0.144316 0.317514
1.183168 -0.083286 -0.393102
-0.970985 0.146469 -0.789175
-0.373701 -1.074536 0.789763
-0.447565 0.020571 -0.59243
0.566314 0.268424 0.08294
-1.511621 -0.281991 0.665302
0.47948 -0.14762 -0.211036
0.57106 0.868087 0.39254
-0.486186 0.172997 -0.696225
-0.124111 -0.190952 1.382493
0.267675 -0.186731 0.259365
0.866701 -0.083217 -0.492049
-0.176222 -0.503755 -0.335538
0.01656 -1.221841 1.137337
0.461301 -0.214936 -1.139431
1.024691 -0.965374 -0.267463
-1.38183 0.395735 2.089044
0.408654 -1.045192 -1.976552
-0.502036 -0.320111 -0.307305
-0.077693 0.771657 1.028986
0.119257 1.383873 0.055257
0.225807 0.060127 -0.181637
0.595184 0.662947 1.100279
-0.359453 -0.889831 0.426088
-0.094792 -0.243105 0.039144
0.076028 0.09657 -0.307514
-1.002446 -0.478608 0.239008
0.371696 0.76909 -0.85923
-0.252009 0.054861 -0.039187
0.077512 0.012907 -0.278195
0.516045 -0.615447 0.079442
-0.476544 -0.225377 -0.406262
-0.625635 -0.107151 0.401192
-2.434959 0.404531 -1.241333
-0.053174 0.930225 0.352457
-0.275655 -0.272011 0.380667
2.654669 -0.147655 0.589658
0.018412 -0.327525 0.297046
0.671841 0.126072 -0.034687
-0.959788 0.518923 -0.529173
0.178146 -0.063141 -0.509174
-0.801989 -1.506639 -1.126462
2.006969 0.355413 0.263301
0.093782 -0.141275 0.366684
-0.869244 -0.665112 -0.076146
-0.528886 0.797027 -0.86056
0.230365 0.52514 0.49383
-0.798602 -0.244361 -0.196498
-0.076815 -0.185434 0.473204
0.214787 0.107831 0.26495
0.119945 -0.351167 0.031783
0.1831 -0.306445 0.146713
0.833529 -1.335113 -0.418284
0.221899 -0.522189 0.355816
-0.116588 -0.130167 -0.158012
0.260273 0.146814 0.036877
-0.15737 1.547832 -0.693381
-0.117489 0.395905 -0.282636
-0.189302 -0.138579 0.560608
0.25929 0.277462 0.060515
0.478515 -1.108127 0.968493
-0.447028 0.661168 0.287256
0.560523 -1.109979 0.086469
0.780893 -0.010707 1.027928
-1.847809 0.650314 -0.776276
0.052096 0.295129 -0.071009
0.101953 0.864545 -0.059595
-0.281568 -0.499676 -0.051122
0.260534 -0.42329 -0.535982
0.383079 1.077082 0.840065
-0.408944 -0.21515 0.58473
-1.21698 0.244884 -0.419505
0.721262 0.424115 -0.6988
-1.096289 0.202964 -0.013394
0.628613 0.107581 0.126769
0.056689 -0.140685 -0.266381
-0.11363 -0.891209 -0.293833
-0.979298 -0.006955 -1.051764
0.081135 0.35207 1.561956
-0.049629 0.336802 -1.150414
-1.264926 -0.597 0.82983
0.310234 -0.375121 -0.193933
1.002097 1.27364 0.963964
2.553596 0.425012 -0.240312
0.116344 -0.430751 -0.216035
0.833219 -0.261814 0.347101
0.441182 -0.393834 -0.063937
0.427381 0.894832 0.307198
-0.719353 0.352451 -0.120571
2.542554 -1.110201 0.941164
0.754807 0.931488 -0.089368
0.17664 1.050314 0.153304
1.496658 -0.664959 -0.21941
-1.773508 -0.107555 1.931185
0.465032 0.154479 -0.243445
-0.506216 1.450067 -0.28147
-0.088552 -0.234103 -0.832948
-0.403771 -0.698579 0.470582
-0.074607 0.550834 1.19509
-0.686134 0.449168 -0.443883
0.172661 -0.711703 0.121787
0.523353 -0.558706 -1.480607
-0.10813 0.288334 0.035584
-1.29599 -0.554141 0.357296
0.106552 0.457393 -0.049569
-0.596593 -0.098901 -0.012058
0.029124 0.056176 0.179068
-0.84777 -0.34885 -0.112785
0.189117 -1.112165 0.811942
1.46398 -1.118528 -1.027753
-0.401945 -0.487393 0.346748
0.356842 0.283844 0.00929
-0.020456 0.137576 -0.377692
-0.839693 -1.647216 -0.634771
-1.00444 1.1633 -0.082465
-0.185429 -0.051533 -0.304426
0.329819 -0.480925 -0.294544
0.433862 1.52858 0.941683
0.49848 0.551031 0.300152
0.051492 0.902624 -0.264788
-0.225762 0.626476 -0.126862
0.345802 0.077394 0.526961
0.777409 -0.305861 -0.172564
0.292685 0.059999 0.513691
-1.810683 2.167377 -0.427916
-0.225174 0.190489 -0.786389
0.074755 -0.401491 0.307689
0.063229 0.450201 0.74802
-0.146054 0.029434 -0.599211
0.890692 -2.500389 -0.06269
0.714114 -0.095807 -0.267134
0.019918 0.430467 -0.110677
-1.295928 0.553658 -0.977196
-1.316143 1.905397 1.159447
-0.142216 -0.657938 -0.471708
-0.013449 0.341622 0.00205
1.072988 0.674291 0.346869
-0.170841 -2.114496 -0.90458
-1.507499 0.262157 -0.657001
1.246452 -1.336076 0.618305
1.154218 -2.466885 -0.234873
-0.178474 -0.022539 0.82261
0.400326 -0.305182 0.167414
-0.907399 -0.839015 0.684204
-0.416685 2.339447 0.222016
0.647717 0.614337 -1.079585
0.750417 1.214853 -0.212095
0.015309 -0.048209 0.749665
-1.849889 -1.405095 -1.291142
0.183672 0.337137 -0.005838
-0.076216 0.473767 -0.987297
-0.898181 -0.104367 0.468955
-0.045468 -0.214456 -0.010844
-0.395249 -1.106407 -0.774632
-0.323379 -0.171566 -0.431851
-0.387788 -2.141959 -0.730341
0.248729 0.13094 0.509782
-0.587279 -0.262877 0.297839
0.273638 -1.225311 0.341018
-0.249067 0.126749 0.110687
-3.718596 0.89927 0.795547
0.851628 2.636821 -3.610751
-0.286741 1.165807 0.900359
-1.045196 1.299719 -0.401506
0.773208 0.24845 -0.326086
-0.274967 -0.393346 0.723331
-0.46926 -0.136633 0.113376
-0.393543 -0.936423 0.27147
0.952499 0.637383 -0.389004
-0.328899 -0.305729 -0.437447
-0.702298 1.386822 -0.876195
1.254538 0.235436 1.245443
0.690916 1.238879 -0.220831
0.312012 0.193129 -0.214993
2.106018 -0.571251 -0.230744
-0.144625 0.018727 0.397732
0.199271 0.511432 0.153191
0.017325 -1.228727 0.108048
-0.175746 0.643453 -0.057585
-2.30721 2.265737 -0.051947
2.791015 -1.76256 1.081796
-0.276277 -0.089845 -0.199575
2.132834 -1.806708 2.043641
-0.703148 0.604441 0.237591
-0.073469 1.044407 0.349948
-1.974737 0.204984 0.77444
-0.608722 0.146713 -1.894596
0.082315 -0.213887 1.235394
-0.223595 -0.661822 -1.614125
-0.424379 0.028309 0.828671
0.823448 -1.308138 1.460035
1.782498 0.088035 -2.031135
0.020058 0.08225 0.228508
-1.925242 0.325056 1.886769
-0.350832 0.125929 0.344594
0.753889 0.370498 -0.309579
1.647221 0.822074 -0.313177
0.337502 0.203604 -0.015795
0.107205 -0.072808 -0.034436
0.092677 -0.002992 -0.148462
-0.146317 0.187164 -0.014609
0.801902 -0.273438 0.375952
-0.087602 -1.659973 0.545009
-0.411834 -0.042242 -0.17494
0.196371 -0.252807 0.469698
-0.099099 0.691207 -1.502555
0.36924 0.077266 0.477031
-0.675899 -0.674202 -0.009765
0.440009 -0.165876 -0.077983
0.652727 0.098689 0.599408
0.16576 -0.65416 -0.198227
0.01619 -0.43558 -0.588667
-0.285455 -0.67419 -0.489743
0.011356 -1.269179 -0.524484
0.347577 -0.403715 0.440544
-0.34191 0.271235 0.223265
-0.1644 -0.300674 -0.033248
0.034705 0.199709 0.156594
-1.544878 0.977118 -2.073855
-0.100903 0.332673 -0.086035
0.767121 0.039397 2.293704
-0.301658 -0.16956 -0.210882
1.796935 0.656572 -1.157764
1.42025 -0.653383 1.86187
0.084636 -0.206221 -0.014312
0.225093 0.107411 0.199835
0.512173 -0.367407 0.471987
-0.206218 -0.35021 -0.374817
-0.688549 -0.836999 0.710589
1.132156 0.756242 -0.691762
-0.112504 -0.360101 -0.418605
-0.018076 -0.194201 0.472436
-0.431163 0.581904 -0.676438
0.404853 0.070417 0.189452
-0.057497 0.534867 -0.404297
0.110896 -0.222353 -0.322799
0.281916 1.041973 0.519556
0.197448 -0.633309 0.527362
0.797103 2.239916 0.280307
-0.509046 -0.112376 -0.971542
0.838863 -1.185467 -0.569339
-0.341212 0.168338 -0.823731
0.109764 0.091806 -0.083056
-1.467469 0.832114 0.164456
0.529084 1.545291 0.417307
-0.051751 -0.793175 0.216766
1.079862 0.368672 -0.514419
0.174994 -0.576086 -0.762464
-0.217167 0.366287 0.050705
-0.046835 -0.044185 0.432175
-0.383089 0.565741 -0.331341
-0.290954 -0.011952 0.61195
-0.324813 -0.127088 -1.028173
-0.357391 -1.3786 1.605039
-1.41231 0.592609 0.756295
0.46633 0.236099 -0.834711
0.150626 0.382945 -0.699955
-0.440031 0.115787 0.603764
-0.348994 0.197987 0.230081
-2.040124 2.505348 -2.10013
-0.110015 -0.236875 0.04599
2.812911 -2.741237 2.573248
-0.856509 -1.087878 -1.407577
1.030265 -1.447891 -1.191485
0.15174 -0.222882 0.846139
-1.866804 -0.520617 1.197602
0.061053 -0.590552 -0.80128
0.117241 -0.251288 0.230898
-1.48524 0.845715 0.081949
0.774503 -0.089634 -0.169593
-0.667343 0.287855 -0.314183
0.837108 -0.570464 0.32274
0.214969 0.469262 0.218377
0.201552 0.262631 0.666753
1.552396 -0.386695 -0.811049
-1.768831 0.627959 0.38138
-0.273794 0.070377 0.402212
-0.118727 -0.419932 0.024071
0.84957 0.836696 -1.155356
1.388701 -0.330821 0.649058
1.90533 -2.682081 -0.972448
0.110763 0.148472 -0.404398
0.03532 -0.865948 0.993744
0.256329 0.166233 -1.013112
0.207795 -0.608267 -0.70227
0.399464 0.068488 -0.433223
-0.435757 -0.411643 0.342296
0.131265 -0.005971 0.274147
-0.124479 -0.413108 -0.432776
-3.048069 3.03013 -0.026232
-0.425926 -1.953879 -0.070078
-0.341114 0.118488 0.794792
0.70228 0.5876 -0.143942
0.530443 -0.359315 0.131838
0.224051 0.152283 0.024251
-0.48743 -0.350103 -0.163878
0.39982 0.680482 0.820135
-0.167282 0.879279 0.704051
-0.290265 0.569245 -0.311933
-0.451338 0.357933 -0.327629
1.309991 -0.006768 0.314997
-0.042658 -0.562898 0.737195
-0.014052 -0.815021 -0.653121
-0.14286 0.60513 -0.232977
0.157661 0.748818 0.729835
-1.818667 -0.692458 0.931715
0.214895 -1.137077 -0.501399
-0.394791 -0.298746 0.002261
-0.430103 -0.473302 0.337007
-0.705564 0.026364 0.399681
0.670473 0.462083 -0.472799
-2.175119 -0.239872 0.177825
0.170678 0.155599 0.42675
0.02634 -0.024093 2.886136
-0.22286 -0.737588 -0.764188
0.16831 0.071566 -1.600439
0.003512 -0.204615 -2.627284
-0.726217 0.285389 0.144481
-0.639032 -0.008079 1.066392
0.192886 0.568946 0.613758
-1.156636 0.459142 -0.276131
-0.435554 0.587636 -0.423876
0.020931 0.430827 -0.75817
0.271869 -0.232344 0.3243
0.02839 -0.393236 -0.093941
-1.867058 0.135173 0.558568
1.130937 0.377115 -1.313644
0.525203 0.214753 0.875512
0.204244 -0.651559 -0.865423
-0.051566 0.198712 0.871491
0.145682 -0.001843 -0.135554
0.359609 -0.541845 0.355645
2.265585 0.329569 0.461661
1.168478 0.062065 0.068842
-0.520612 -0.234319 -0.464194
0.937186 -0.818519 -1.09692
0.69021 1.35167 0.16641
0.329763 0.435809 1.093271
0.338593 -0.206481 1.040628
-1.562828 1.119752 0.150987
0.324006 0.460284 -1.056399
0.980436 0.883959 0.501807
0.224592 -1.993646 -0.195795
-0.033325 0.180516 0.197463
0.731401 -0.576819 -0.796019
-0.452751 -0.369358 -0.522229
0.476877 -0.091322 -0.443227
-0.327853 0.992836 1.252403
-0.961498 1.063427 -1.914925
-0.282356 -0.316807 -0.437039
1.005365 -1.158404 0.508396
0.177809 0.240025 -0.553233
0.050007 -0.728612 -0.002129
-3.245316 -2.579568 -0.649703
-1.150857 -0.403928 0.878349
-0.149796 -0.311246 1.093629
-0.007178 0.309645 0.223547
3.126376 3.108788 0.597614
-0.107223 0.641658 -0.563587
-0.221786 0.579377 -0.483757
0.843433 0.193472 0.579363
0.121371 -0.02771 0.143594
-1.138919 0.301513 -1.956657
-0.028183 0.390063 0.353397
0.059902 -0.501264 -0.44688
-0.166832 0.230913 0.62082
0.301083 0.88195 0.936719
-0.128356 -0.395586 -0.339775
0.069364 0.056192 0.837228
0.204584 -0.184575 -0.575117
0.64381 0.340706 0.399499
-0.096749 0.02032 0.249981
-0.091953 0.621267 -0.266324
0.360955 -0.315974 -1.87583
0.433463 0.20155 1.141279
0.114999 -0.514559 -0.311577
-0.004606 -0.011026 -0.236731
-0.717104 -0.497141 0.469062
0.227286 0.476364 -0.309998
0.236747 0.594544 0.106438
0.245945 -0.101067 -0.905559
-0.409333 -0.615662 0.475618
-0.69531 0.748543 0.336466
-0.092083 -1.256879 1.64567
0.711365 0.035264 0.172221
-0.023111 0.507637 -0.394271
-0.27205 -0.298243 -0.381961
-0.68401 1.083049 1.510307
-0.474103 0.15062 0.209356
0.192693 -0.143705 -0.453848
-0.06753 -0.030452 0.339673
-0.312027 -0.380435 -1.007153
0.72809 0.917164 1.133744
-0.692548 -0.846466 -0.606394
0.35231 0.720897 0.659267
-0.333689 0.550476 -0.436887
-0.658771 0.567453 -0.176694
0.321598 -0.12272 0.548078
-1.089656 0.881112 0.554939
0.432446 -0.67465 0.165973
0.020567 0.193177 -0.418068
1.40471 -1.747198 -0.771721
0.179047 -1.160999 -0.293425
0.921603 -0.472294 -0.393471
-0.783372 0.163841 0.278084
1.449712 -0.313358 -1.289537
-0.783473 1.137855 -0.149899
0.237098 -1.008195 2.112043
-0.212694 0.064403 0.457478
-0.09733 0.416431 -1.422193
-1.499227 0.797085 0.06418
-0.054093 -0.058411 1.178804
-0.307333 -0.281691 -0.074399
1.382231 1.095364 1.297584
-1.290449 0.500707 -1.487073
-1.069274 -1.116429 -0.665004
0.810447 0.647485 -0.204327
-0.381444 0.325533 0.390839
0.212847 -0.755878 -0.564162
0.35811 -1.334175 0.124785
-0.136239 -0.396315 -0.094868
-0.59932 -0.051129 0.425072
0.14463 1.044789 0.153764
0.657498 -1.784533 -0.355978
0.888184 -0.905624 0.898161
0.913727 0.1325 0.080766
-0.377893 0.587211 -1.105006
1.029829 -0.340627 -0.227188
-0.434295 1.194441 0.280206
0.324208 1.010987 -0.509872
0.446398 -0.204862 -0.659215
-0.220907 0.553823 -0.524402
-0.259026 -0.44219 0.406125
1.532505 0.070429 1.207552
0.720136 -0.38464 0.027564
-0.273651 -0.210843 0.903783
0.027044 0.010166 0.589049
-0.073241 0.035286 -0.211465
0.515903 0.678593 -0.443367
-0.500642 -0.928414 1.474896
-0.049459 0.263934 0.780173
0.394838 0.114673 -1.487598
-1.883995 -0.509406 -0.256246
0.750504 0.584437 0.314882
-0.048479 0.509615 -0.594185
-0.061221 -0.137449 -0.192917
1.078716 1.308393 1.654155
0.098453 0.533169 -0.223775
-0.297512 -0.301442 0.09491
1.309564 -0.435691 1.242881
1.3922 -0.299306 1.950327
-0.505251 -1.467172 -1.638775
-1.834439 0.446608 -0.323
-0.585557 0.893471 -2.399812
0.383149 -0.282909 0.415074
0.204557 -0.270145 -0.34602
-0.504825 0.146227 -0.124999
-2.030225 -1.447398 -1.350732
-0.504642 0.994944 0.206497
-0.309221 -0.446659 0.610416
-0.757806 -0.041442 -0.127107
-0.149672 -0.300366 0.195046
-0.306494 -0.332986 -0.052943
0.413304 -0.732235 -0.061614
0.215364 0.453261 -0.911482
0.104279 0.232493 -0.190433
0.918632 -0.717025 0.369361
-0.142055 0.610427 0.577418
-0.372682 0.844205 -0.214194
1.132979 0.900328 -2.016183
-1.613513 0.272502 0.754094
1.95492 1.440653 0.004161
-1.20907 -1.209548 0.537001
0.650145 -1.446009 -0.036802
2.045953 0.148172 -3.180966
-0.289436 1.110245 0.323503
-3.339211 0.845929 -1.186793
-0.006801 0.49309 -0.203692
0.838311 -0.51401 -1.040588
-1.283984 0.090618 1.177122
-0.622007 -0.50832 -0.08715
-0.643877 1.58218 0.128995
0.555085 1.123848 0.590911
-0.56553 0.064847 0.217607
0.104041 -0.046737 0.244498
0.413958 0.004931 -0.549568
0.381404 -0.782614 -1.593804
0.856405 0.373686 0.920426
-0.377376 -0.979073 -0.542759
-0.423102 -0.746895 -0.220757
-1.368705 -1.088512 -0.786129
0.050604 -0.310733 -0.385844
0.469122 0.040219 -1.153174
-0.243007 -0.235673 -0.740622
-1.825131 0.1231 0.871167
0.300123 -0.678584 0.440114
-3.470344 -1.040183 -0.543251
1.022742 -0.416723 -1.771407
0.875961 0.566661 0.483356
1.768162 1.028469 2.602718
1.302858 0.040145 0.656622
-1.705084 -0.324988 2.913644
0.169181 0.283892 -0.091151
0.555861 -0.176896 -0.035881
-0.088984 0.599713 0.215052
-2.422742 1.152951 -1.355358
-0.311849 0.258001 0.250196
0.623877 0.803202 -0.004948
-1.169892 1.296621 0.47312
2.99462 -0.145874 2.145431
-1.097117 0.522509 -3.894734
-0.396931 -0.509229 0.124674
1.295865 -1.788268 3.344137
-0.553218 3.738132 -2.301042
-0.157521 -0.695109 0.22789
0.361638 -3.608787 1.768598
-1.64681 -1.745062 0.967043
2.323318 1.448103 -0.18715
0.116053 -0.59236 1.069189
1.483193 0.951663 -0.419062
-0.167186 -1.105577 0.244212
-0.902918 -1.09167 0.484763
-0.217735 0.891099 -0.676508
-1.71168 -5.750105 4.117519
0.765289 0.215286 -0.155561
0.05959 0.154514 -0.063811
-0.563647 2.587211 0.476497
0.173391 0.004995 0.039841
-0.071651 -0.487547 -0.29495
3.04263 -1.068106 -0.692133
0.386887 -0.417802 1.447867
-0.317973 -1.807191 -0.594967
1.709862 6.160668 -3.455223
-0.421758 1.022689 -0.47864
-1.552917 -0.879871 0.89228
0.456484 -1.647683 0.024686
0.297234 -0.307888 0.289718
-0.195916 -0.14063 -0.011997
0.894089 -0.516131 -0.240088
0.034169 -0.095311 -0.071662
-0.46111 0.144449 -0.458462
-0.976722 0.344428 0.091957
-0.103791 -0.553634 -0.10567
0.351747 0.05526 -0.170811
-1.826612 1.004851 0.361696
1.245075 0.637867 -0.603282
-0.254405 -0.446074 0.656481
0.645501 0.161261 -0.731753
-0.268845 0.48617 -0.485633
0.216636 0.180995 -0.270263
-0.360602 -0.918472 2.456378
0.683643 -0.028912 0.094242
0.002611 -0.258236 -0.149279
0.434673 -0.729159 0.06811
0.14203 1.190508 -0.185959
-0.048125 -0.162708 0.160324
0.924354 0.368259 -2.544401
-0.026856 2.233481 0.769763
0.030224 -1.777717 0.463043
-0.344293 -0.224761 0.205007
-0.840546 0.599881 -1.50018
1.02911 -0.195986 1.437589
2.071281 0.717542 1.683907
0.079936 0.437244 -1.049926
0.067399 0.384635 -0.153301
0.762884 -2.173308 0.554222
0.810201 -2.377784 -2.070732
-0.289869 -0.836127 -1.339401
0.4614 -0.059982 0.658973
-1.089229 0.796509 3.176179
-0.181649 -0.169839 -0.395712
-0.276946 0.239762 0.048589
0.47832 -0.609172 0.087337
-0.071106 0.482819 -0.496259
0.759678 0.631261 -0.619132
-0.102289 1.245558 0.069214
-0.403069 -1.848272 1.403875
1.67593 -1.232473 0.8215
-0.457639 -0.790891 0.111436
-0.055456 -0.4294 0.440125
-0.008906 0.304317 -0.496944
-0.650781 -0.521642 0.60665
0.387936 0.309223 -0.865606
-0.708052 1.498692 -0.167279
1.180941 1.352187 -0.550956
-1.071246 2.760407 -1.161414
0.206397 -0.692267 0.773492
-0.440874 0.200462 -0.609328
-1.391578 -1.406767 -1.479659
0.138923 0.591006 -0.084404
-0.116489 0.538778 0.402091
-0.337405 0.210662 0.190175
-0.156544 -1.231244 -0.563129
0.098802 0.435001 0.327456
-0.041401 0.997133 0.672472
-0.594959 0.606828 0.009817
-0.43962 0.092217 0.102478
0.931022 -1.030809 -0.750972
-1.324273 0.771131 -0.332367
-0.36597 0.301019 -0.419616
0.260288 -0.575842 0.377525
2.091128 -1.794393 0.336875
-2.010533 0.644765 0.651142
0.695156 2.270123 -0.007445
-0.945508 1.825638 -0.785654
1.993614 0.564072 1.037347
0.983176 -0.25102 -0.247303
-0.024425 0.549321 0.306557
0.546901 0.329941 0.244284
0.317658 1.171928 -0.817931
0.464488 -0.841972 -0.000759
0.046705 0.196235 0.571296
-0.335167 0.118071 0.032273
0.242366 -1.075541 0.252717
-0.223583 -1.478813 0.507218
0.323512 0.041864 -0.334837
0.439116 -0.301557 -0.064776
-0.68313 -0.291364 -0.544218
0.118456 0.219389 0.480556
-0.160456 -0.025014 0.05607
-0.634524 2.576949 1.575954
-0.833522 1.416556 0.590836
0.459282 0.348668 0.253545
0.378644 -0.49521 0.243893
-0.44119 0.013118 -0.395496
-0.302435 0.149547 0.273179
-0.721066 -2.374118 0.408973
3.86955 -0.728591 -2.771931
0.292929 -1.242167 -0.792874
0.35492 -0.116872 0.584148
0.189359 0.454472 -0.048573
-0.167635 -0.265444 -0.273401
-0.06008 -0.668559 0.150752
-0.301082 -0.240232 -0.511399
-0.335668 0.12526 0.227295
0.166837 0.910427 0.839763
-0.297843 0.355745 -0.228797
-0.276568 -0.230379 -0.667025
-0.014692 0.383714 -0.191713
0.360006 0.287954 -0.08837
-0.644194 -0.325355 -1.566307
-0.206723 0.086417 1.049404
0.545468 0.694108 -0.112912
-0.164283 -0.52405 1.416146
-0.445067 -0.355818 0.026391
-0.045706 -0.051044 -0.002996
-0.195644 0.094324 -0.719894
-0.348194 1.040348 -0.119507
1.147988 -0.04353 -0.756053
-0.195366 -0.200644 0.457517
0.920078 -2.203344 -1.461692
0.211218 -0.107683 -0.499798
0.813849 0.072805 0.188783
-0.825628 0.911728 0.104811
-0.095584 0.1368 0.267073
0.225142 -0.036972 -0.018141
-0.739902 -0.257769 -1.183304
-0.200596 -0.645345 -0.493971
0.052405 0.17504 -0.496001
-0.273809 0.540713 1.479411
-4.601216 -0.998742 2.714297
-1.769294 -0.194496 -1.143661
-0.105967 1.753895 1.256481
0.030305 -0.331641 -0.125401
-3.006311 -4.403794 2.266621
0.561899 -1.464444 0.427339
-1.945059 -1.712361 0.556018
0.839632 0.601287 -0.637699
-0.842434 1.153848 0.09292
0.237365 -0.346734 0.921517
-0.08092 0.434846 -0.050203
-0.188646 -0.327582 0.04057
0.493651 4.660251 2.066551
-0.805453 -0.331644 -2.465169
1.673624 2.960907 0.840726
-0.421694 0.297409 -0.338511
-0.41982 0.03736 0.011626
0.650557 0.328652 0.440764
-0.320529 -1.836078 0.825062
-0.1307 2.378057 0.523324
1.405435 -0.299103 -0.618834
-0.036234 0.869226 -1.11244
0.184652 -0.245122 -0.130198
-0.368749 1.044911 -1.365218
-0.060889 -1.700595 -0.695763
-0.098138 0.519026 0.445425
0.079155 -0.038403 0.099948
-0.217303 -0.046282 -0.431107
-0.091383 -0.160599 0.096171
0.710297 0.298027 1.262903
0.010139 -0.270224 -0.035226
-0.412082 -0.774141 0.19725
-0.539789 0.030071 0.270782
0.07507 0.342913 -0.407652
0.283723 0.197045 0.017885
0.592518 0.410218 -0.484964
-0.017987 0.252147 -0.227373
1.604733 0.288755 -1.443372
2.072053 0.862879 -0.475718
2.905503 0.39641 -0.533665
-0.007395 -0.474809 -0.061118
-0.323563 -0.201758 0.000646
-0.208465 -0.246267 -0.033034
-1.645639 -2.403366 0.22951
-0.180367 1.226607 -1.874008
-0.088847 -0.566057 0.258839
-0.044525 0.420915 1.295567
0.869738 -0.541158 1.627577
-0.569268 0.592535 0.181477
0.347686 0.092854 -0.550769
-1.73714 -0.30948 0.382609
-1.95806 -0.10996 -1.127888
3.086557 0.783203 -0.516346
0.902847 0.190365 -0.240965
0.54169 -0.931769 -0.425055
0.151594 -0.172246 -0.329317
0.462876 -0.077601 -0.667258
-0.142405 -1.3879 0.142516
-0.967239 -0.088121 0.214347
-0.053568 0.133126 -0.045776
0.231387 0.491165 0.641245
-0.957342 -0.227525 0.508668
-3.899872 0.624116 -1.158979
-0.491552 -2.219573 0.397537
4.149945 -0.232189 1.212267
-0.143157 -0.858724 -0.577146
0.045695 0.255549 0.202866
0.430587 0.459269 0.003101
-0.091911 0.805499 -0.861651
-1.076032 -0.152378 0.207959
0.353169 0.451112 0.484473
-0.326028 -0.487468 0.149264
0.75735 -1.715035 -1.051172
1.508206 0.173205 -1.091128
-1.584266 0.033093 1.228637
0.389075 0.969998 0.161051
-1.064698 0.134101 -1.128718
1.489911 -0.357424 0.750598
0.45795 0.416 0.391101
1.083659 -1.357251 1.389252
-0.434212 1.428599 1.040926
-0.530323 -0.624094 -0.219698
0.408012 -0.551662 -0.089194
1.912255 -0.432512 2.943083
-1.288246 1.167885 -2.160884
-0.462407 -0.323263 -0.660156
1.750656 -0.317501 -1.982472
-0.086906 1.192844 1.592896
-0.00249 0.516431 -0.310375
-0.514688 0.090272 0.110277
-0.020729 -0.185291 -0.546393
-1.145108 -0.900718 0.231088
0.418751 0.487848 -0.368257
0.559304 -1.94958 0.240502
0.303466 -0.874751 0.886679
0.572909 0.555243 -0.264775
0.24855 1.080963 0.943599
-0.343629 0.490347 0.730591
-0.392269 0.207371 1.295495
-1.097745 -0.467639 0.643346
-0.103244 -0.129176 -0.146026
-1.009039 2.176828 0.325877
0.411969 0.366277 0.748128
0.8022 -0.329784 0.571887
-0.598921 0.219371 0.74985
-0.573364 0.05765 -0.132389
-0.593557 -0.121638 -0.171256
0.54682 0.170214 -0.307656
-0.945591 -1.080828 -1.375527
-0.747132 -0.431684 -0.220676
0.900712 -2.245348 -1.148016
0.782607 0.359437 -1.167079
-0.291261 -0.209679 0.039499
-0.124809 -0.069232 0.578405
0.302591 0.120306 -0.274918
-0.594559 -0.576821 -0.463964
2.729942 -1.871396 0.46045
-1.733086 -0.530842 -1.193701
-0.434839 0.394252 -0.974548
0.053299 -0.930366 1.760722
-0.44845 1.322814 2.043479
-0.105387 0.417884 -0.083701
1.007711 0.512521 -0.000527
-1.942406 1.616203 -1.338493
-0.740264 0.115377 -0.710744
1.373718 0.532663 -0.382933
-0.307114 0.714049 -1.054923
0.216851 -0.250379 -1.159496
0.079941 0.320988 0.713512
-0.396688 0.484345 1.120665
-0.288041 2.018596 1.921545
-1.107553 2.636566 -0.210456
1.055752 2.3407 0.49887
0.383847 0.396179 0.891526
-0.651224 0.955301 -0.555867
-1.441977 -1.797123 0.479919
1.188261 -0.132318 -0.47509
-0.314832 -0.042143 1.06842
0.517943 -0.584776 0.099018
-2.056578 0.845289 -1.1681
-0.349799 -0.14105 0.028802
-0.10367 0.398561 0.590122
-0.486095 0.449471 -0.081664
-0.188104 0.106216 -0.962383
1.365894 -0.580622 -0.462889
-0.747171 -0.189516 1.258918
0.153908 0.548144 -0.338879
0.290687 -0.601889 -1.859556
-0.797929 0.048278 1.855019
1.054746 0.14953 -0.311279
-0.90756 0.210632 0.46234
0.31465 -0.71598 -1.074488
-0.794274 -0.316636 0.225381
0.670951 0.675348 1.818523
-0.811167 -0.419477 -0.879621
2.337892 0.515468 -0.544465
-1.091702 -3.51041 -1.88179
-2.159742 0.887158 0.103753
0.46825 -2.029907 0.390358
1.457242 0.263397 -1.036658
0.060909 -0.992133 0.324365
0.256725 0.330153 0.224326
1.188538 -0.342287 -0.593268
0.315605 0.145607 0.221355
0.418752 -0.956992 -0.18147
1.429513 -0.35429 -1.615657
0.238919 -0.005242 0.318829
0.882984 1.13483 -0.577473
-0.190466 -0.733108 -1.537454
-0.080295 0.332415 0.746451
-0.462135 -1.493593 -2.559622
0.222562 0.849118 1.781922
-0.749698 1.163479 0.872618
-0.080719 -0.223661 -1.007615
2.471897 2.638817 -0.305219
-0.196568 -0.220898 0.76316
-0.111079 0.358714 -0.463673
0.23282 0.225377 -0.197526
-0.262916 0.346924 0.678193
0.077033 -0.221407 -0.222632
-0.595419 -0.229525 0.423432
0.258096 -1.083718 -0.138087
-0.399005 -0.389352 -0.351767
-0.910964 -1.478031 1.055907
0.193856 0.893152 0.497224
-0.339575 -0.788402 -0.119456
1.165137 -1.678152 -1.90294
-0.869919 -0.280518 1.639017
-0.457757 -0.467774 1.663654
0.194581 1.33922 -1.007557
-0.096839 0.077642 0.597928
-0.043862 -0.406756 -0.238032
-0.326626 -0.356942 0.241072
