6.245004513516506e-17 5.767955557622884e-17 -1.2576745200831851e-17
-5.48172618408671e-16 1.0169816377914032e-16 -6.548581121812447e-17
-9.75781955236954e-18 -4.0766001685454967e-17 8.521829075736065e-17
-8.234515500027406e-17 -3.612019537635458e-16 6.735605996566196e-17
-1.6290137641594704e-17 -6.678685382510707e-17 9.75781955236954e-19
-6.960577947356938e-17 -4.400505567575541e-17 8.538092108323347e-17
1.5959455978986625e-16 -3.174543961037557e-16 8.342258090918153e-17
4.85722573273506e-17 1.726049858596923e-16 -7.068998164605489e-17
-3.560248883899275e-16 1.2839664227659586e-16 -1.2384299315215674e-16
-9.71445146547012e-17 3.365363543395006e-16 4.4181238528784306e-18
1.438871808159825e-16 1.7631837830045516e-17 3.294890402183448e-16
-3.9898639947466563e-17 -5.366800753803247e-17 2.271403551357132e-16
1.5482407023093003e-16 2.1673201427985234e-16 -9.578926193909432e-17
-2.740863092043355e-16 -8.023096076392733e-17 -1.478851763270228e-16
-3.2959746043559335e-16 5.312590645178972e-17 2.2681509448396753e-16
-3.183217578417441e-16 4.423544863740858e-17 1.231653667943533e-16
1.0332446703786857e-16 -1.3048373145863046e-16 2.6168574685653256e-16
3.157196726277789e-16 -1.8756697583999227e-16 9.215718466126788e-17
-7.28583859910259e-17 -3.966011546951975e-16 1.3010426069826053e-18
-1.9081958235744878e-17 -4.152494320619482e-17 2.1196152472091612e-17
-9.928581394536007e-17 5.427109499647753e-17 1.6544925152128798e-16
1.3877787807814457e-16 -4.3151246464923076e-17 2.0469737016526324e-16
