0.04994451 0.04994451 -0.0
-0.04994451 -0.04994451 0.0
-0.04994451 0.04994451 0.0
0.04994451 -0.04994451 -0.0
-0.01356487 -0.06876138 -0.37218568
0.01356487 0.06876138 -0.37218568
0.06876138 -0.01356487 -0.37218568
-0.06876138 0.01356487 -0.37218568
-0.06876138 -0.01356487 0.37218568
0.06876138 0.01356487 0.37218568
0.01356487 -0.06876138 0.37218568
-0.01356487 0.06876138 0.37218568
-0.05706544 -0.05706544 0.0
0.05706544 0.05706544 0.0
0.05706544 -0.05706544 0.0
-0.05706544 0.05706544 0.0
-0.0079889 0.08787145 0.6954957
0.0079889 -0.08787145 0.6954957
-0.08787145 -0.0079889 0.6954957
0.08787145 0.0079889 0.6954957
0.08787145 -0.0079889 -0.6954957
-0.08787145 0.0079889 -0.6954957
0.0079889 0.08787145 -0.6954957
-0.0079889 -0.08787145 -0.6954957
-0.04039279 -0.04039279 0.0
0.04039279 0.04039279 0.0
0.04039279 -0.04039279 0.0
-0.04039279 0.04039279 0.0
-0.00132034 0.05383052 0.40042694
0.00132034 -0.05383052 0.40042694
-0.05383052 -0.00132034 0.40042694
0.05383052 0.00132034 0.40042694
0.05383052 -0.00132034 -0.40042694
-0.05383052 0.00132034 -0.40042694
0.00132034 0.05383052 -0.40042694
-0.00132034 -0.05383052 -0.40042694
-0.06423256 -0.06423256 -0.0
0.06423256 0.06423256 -0.0
0.06423256 -0.06423256 -0.0
-0.06423256 0.06423256 -0.0
-0.01385523 0.10134227 0.83452373
0.01385523 -0.10134227 0.83452373
-0.10134227 -0.01385523 0.83452373
0.10134227 0.01385523 0.83452373
0.10134227 -0.01385523 -0.83452373
-0.10134227 0.01385523 -0.83452373
0.01385523 0.10134227 -0.83452373
-0.01385523 -0.10134227 -0.83452373
0.04328282 0.04328282 0.0
-0.04328282 -0.04328282 0.0
-0.04328282 0.04328282 0.0
0.04328282 -0.04328282 0.0
-0.00907682 -0.06101494 -0.33362438
0.00907682 0.06101494 -0.33362438
0.06101494 -0.00907682 -0.33362438
-0.06101494 0.00907682 -0.33362438
-0.06101494 -0.00907682 0.33362438
0.06101494 0.00907682 0.33362438
0.00907682 -0.06101494 0.33362438
-0.00907682 0.06101494 0.33362438
-0.00492566 -0.00492566 0.0
0.00492566 0.00492566 0.0
0.00492566 -0.00492566 0.0
-0.00492566 0.00492566 0.0
0.00162025 0.00019775 0.02472408
-0.00162025 -0.00019775 0.02472408
-0.00019775 0.00162025 0.02472408
0.00019775 -0.00162025 0.02472408
0.00019775 0.00162025 -0.02472408
-0.00019775 -0.00162025 -0.02472408
-0.00162025 0.00019775 -0.02472408
0.00162025 -0.00019775 -0.02472408
-0.03367445 -0.03367445 0.0
0.03367445 0.03367445 -0.0
0.03367445 -0.03367445 -0.0
-0.03367445 0.03367445 0.0
-0.00053718 0.04016507 0.29124924
0.00053718 -0.04016507 0.29124924
-0.04016507 -0.00053718 0.29124924
0.04016507 0.00053718 0.29124924
0.04016507 -0.00053718 -0.29124924
-0.04016507 0.00053718 -0.29124924
0.00053718 0.04016507 -0.29124924
-0.00053718 -0.04016507 -0.29124924
-0.05709261 -0.05709261 -0.0
0.05709261 0.05709261 -0.0
0.05709261 -0.05709261 -0.0
-0.05709261 0.05709261 -0.0
-0.00800858 0.08792709 0.69601362
0.00800858 -0.08792709 0.69601362
-0.08792709 -0.00800858 0.69601362
0.08792709 0.00800858 0.69601362
0.08792709 -0.00800858 -0.69601362
-0.08792709 0.00800858 -0.69601362
0.00800858 0.08792709 -0.69601362
-0.00800858 -0.08792709 -0.69601362
-0.02794877 -0.02794877 0.0
0.02794877 0.02794877 0.0
0.02794877 -0.02794877 0.0
-0.02794877 0.02794877 0.0
0.00106027 0.03417631 0.23632724
-0.00106027 -0.03417631 0.23632724
-0.03417631 0.00106027 0.23632724
0.03417631 -0.00106027 0.23632724
0.03417631 0.00106027 -0.23632724
-0.03417631 -0.00106027 -0.23632724
-0.00106027 0.03417631 -0.23632724
0.00106027 -0.03417631 -0.23632724
-0.0102011 -0.0102011 -0.0
0.0102011 0.0102011 -0.0
0.0102011 -0.0102011 -0.0
-0.0102011 0.0102011 -0.0
0.00244756 0.00913034 0.06192475
-0.00244756 -0.00913034 0.06192475
-0.00913034 0.00244756 0.06192475
0.00913034 -0.00244756 0.06192475
0.00913034 0.00244756 -0.06192475
-0.00913034 -0.00244756 -0.06192475
-0.00244756 0.00913034 -0.06192475
0.00244756 -0.00913034 -0.06192475
-0.04019681 -0.04019681 0.0
0.04019681 0.04019681 0.0
0.04019681 -0.04019681 0.0
-0.04019681 0.04019681 0.0
-0.00128213 0.05331471 0.39648642
0.00128213 -0.05331471 0.39648642
-0.05331471 -0.00128213 0.39648642
0.05331471 0.00128213 0.39648642
0.05331471 -0.00128213 -0.39648642
-0.05331471 0.00128213 -0.39648642
0.00128213 0.05331471 -0.39648642
-0.00128213 -0.05331471 -0.39648642
0.00803129 0.00803129 -0.0
-0.00803129 -0.00803129 0.0
-0.00803129 0.00803129 -0.0
0.00803129 -0.00803129 0.0
0.00031148 -0.01846804 -0.09247717
-0.00031148 0.01846804 -0.09247717
0.01846804 0.00031148 -0.09247717
-0.01846804 -0.00031148 -0.09247717
-0.01846804 0.00031148 0.09247717
0.01846804 -0.00031148 0.09247717
-0.00031148 -0.01846804 0.09247717
0.00031148 0.01846804 0.09247717
-0.07873587 -0.07873587 -0.0
0.07873587 0.07873587 -0.0
0.07873587 -0.07873587 -0.0
-0.07873587 0.07873587 -0.0
-0.02807457 0.13277439 1.1802383
0.02807457 -0.13277439 1.1802383
-0.13277439 -0.02807457 1.1802383
0.13277439 0.02807457 1.1802383
0.13277439 -0.02807457 -1.1802383
-0.13277439 0.02807457 -1.1802383
0.02807457 0.13277439 -1.1802383
-0.02807457 -0.13277439 -1.1802383
0.03541521 0.03541521 0.0
-0.03541521 -0.03541521 0.0
-0.03541521 0.03541521 0.0
0.03541521 -0.03541521 0.0
-0.00598412 -0.05295838 -0.28965575
0.00598412 0.05295838 -0.28965575
0.05295838 -0.00598412 -0.28965575
-0.05295838 0.00598412 -0.28965575
-0.05295838 -0.00598412 0.28965575
0.05295838 0.00598412 0.28965575
0.00598412 -0.05295838 0.28965575
-0.00598412 0.05295838 0.28965575
-0.07257794 -0.07257794 0.0
0.07257794 0.07257794 0.0
0.07257794 -0.07257794 -0.0
-0.07257794 0.07257794 -0.0
-0.02005287 0.1187146 1.01489051
0.02005287 -0.1187146 1.01489051
-0.1187146 -0.02005287 1.01489051
0.1187146 0.02005287 1.01489051
0.1187146 -0.02005287 -1.01489051
-0.1187146 0.02005287 -1.01489051
0.02005287 0.1187146 -1.01489051
-0.02005287 -0.1187146 -1.01489051
0.03132167 0.03132167 -0.0
-0.03132167 -0.03132167 -0.0
-0.03132167 0.03132167 -0.0
0.03132167 -0.03132167 -0.0
-0.00492677 -0.04856129 -0.26575444
0.00492677 0.04856129 -0.26575444
0.04856129 -0.00492677 -0.26575444
-0.04856129 0.00492677 -0.26575444
-0.04856129 -0.00492677 0.26575444
0.04856129 0.00492677 0.26575444
0.00492677 -0.04856129 0.26575444
-0.00492677 0.04856129 0.26575444
-0.06996254 -0.06996254 -0.0
0.06996254 0.06996254 -0.0
0.06996254 -0.06996254 -0.0
-0.06996254 0.06996254 -0.0
-0.0172084 0.11277902 0.9499471
0.0172084 -0.11277902 0.9499471
-0.11277902 -0.0172084 0.9499471
0.11277902 0.0172084 0.9499471
0.11277902 -0.0172084 -0.9499471
-0.11277902 0.0172084 -0.9499471
0.0172084 0.11277902 -0.9499471
-0.0172084 -0.11277902 -0.9499471
0.03114803 0.03114803 0.0
-0.03114803 -0.03114803 0.0
-0.03114803 0.03114803 0.0
0.03114803 -0.03114803 0.0
-0.00491234 -0.04839181 -0.26478906
0.00491234 0.04839181 -0.26478906
0.04839181 -0.00491234 -0.26478906
-0.04839181 0.00491234 -0.26478906
-0.04839181 -0.00491234 0.26478906
0.04839181 0.00491234 0.26478906
0.00491234 -0.04839181 0.26478906
-0.00491234 0.04839181 0.26478906
0.01484331 0.01484331 0.0
-0.01484331 -0.01484331 0.0
-0.01484331 0.01484331 0.0
0.01484331 -0.01484331 0.0
-0.00223106 -0.02897685 -0.15931973
0.00223106 0.02897685 -0.15931973
0.02897685 -0.00223106 -0.15931973
-0.02897685 0.00223106 -0.15931973
-0.02897685 -0.00223106 0.15931973
0.02897685 0.00223106 0.15931973
0.00223106 -0.02897685 0.15931973
-0.00223106 0.02897685 0.15931973
0.05424714 0.05424714 -0.0
-0.05424714 -0.05424714 -0.0
-0.05424714 0.05424714 -0.0
0.05424714 -0.05424714 -0.0
-0.01619029 -0.07226715 -0.39175795
0.01619029 0.07226715 -0.39175795
0.07226715 -0.01619029 -0.39175795
-0.07226715 0.01619029 -0.39175795
-0.07226715 -0.01619029 0.39175795
0.07226715 0.01619029 0.39175795
0.01619029 -0.07226715 0.39175795
-0.01619029 0.07226715 0.39175795
