-0.6209699926008166 -0.331675082030617 -0.10030095867647594
0.6209699925977485 0.331675082034513 0.1003009586799484
0.36916876720680686 -0.5319385700230582 -0.13540989795978892
-0.36916876720119135 0.5319385700237359 0.13540989796115796
-0.13434368506426295 0.7562444932748804 -0.9771707513028187
0.1343436850599454 -0.7562444932716427 0.977170751305279
-0.22449694209947593 -0.04344740034728556 0.37461519125905185
0.22449694210124513 0.04344740033947328 -0.3746151912663521
1.2600158743590428 0.5272055975363021 1.3780796246407923
-1.2600158743600902 -0.5272055975348391 -1.378079624643716
1.3944205385265658 -0.21152913598772333 -1.2894170648550471
-1.3944205385267265 0.21152913598544335 1.2894170648534924
-0.5969088069288259 -0.2810882385948906 0.21323893174518155
0.5969088069259071 0.2810882385936429 -0.21323893174488767
-0.7419927546819164 -0.20572359614404548 -0.025198466115097296
0.7419927546860459 0.20572359614611083 0.025198466119281213
-0.18299750088890335 0.023497228530047543 -0.4091347526297674
0.1829975008882567 -0.023497228521964036 0.4091347526225742
0.04578130931074492 0.24089898482015326 0.2475477992341818
-0.04578130930876194 -0.24089898483053113 -0.24754779922460507
0.1994466565071223 -0.3223448720431368 0.06934612651023675
-0.19944665650629462 0.32234487203754153 -0.06934612651970205
-0.7158546399156012 -0.5973309880161044 0.6099870638083166
0.7158546399134382 0.5973309880239939 -0.6099870638012374
-0.48292468421907864 -0.03515723357753148 0.18238455273134013
0.48292468423139395 0.03515723356198974 -0.1823845527270026
0.12294458299651079 -0.1342034117782907 -0.23223980728269705
-0.12294458300683864 0.13420341176833359 0.23223980727616822
0.3366619988661643 0.18756724183197018 -0.4979609891696423
-0.33666199885337356 -0.18756724181763762 0.49796098917525033
-0.3600628518769254 -0.3867378194672796 0.5724723324899056
0.3600628518621447 0.3867378194784451 -0.5724723324933229
-0.1753051019200052 -0.5903385468583632 -0.24287078765842968
0.17530510192317625 0.5903385468606117 0.24287078765683962
0.4093892941969838 -0.42666030998994864 -0.2926888896941431
-0.4093892942010744 0.42666030998813176 0.29268888969460327
0.013450869761014674 0.12380106251523665 0.03795703727672681
-0.013450869759553924 -0.12380106251715767 -0.037957037275448136
-0.08480254459552349 0.49950728385094495 -0.06176332969874468
0.08480254459498097 -0.49950728384945453 0.061763329698596645
2.535902935239171 2.543621460361766 2.1339102429627372
-2.5359029352342084 -2.543621460366135 -2.1339102429670533
-0.5094849483586283 -0.011729517866749778 -0.7000523370638212
0.5094849483547332 0.011729517865499 0.7000523370713301
-0.6486328180819502 0.5975592701382917 1.1465576642926074
0.6486328180916234 -0.5975592701325562 -1.146557664285909
0.628796384897475 -1.0583107929168871 -1.0987763673070639
-0.6287963849082135 1.0583107929167712 1.0987763672971742
1.3355684070723495 1.0112239036667408 0.5752803125294648
-1.3355684070654241 -1.0112239036735198 -0.5752803125280705
-0.03220026006394186 -1.0004296372305654 -0.583081459227928
0.032200260053262014 1.000429637219617 0.5830814592366865
-1.250901061151957 1.7046386971957774 -0.13682494729778935
1.25090106116621 -1.7046386971924157 0.13682494729322142
0.40291579232233793 -0.45653516422729523 -0.4533855307272195
-0.40291579233283503 0.4565351642416598 0.4533855307216353
-0.42930224742113204 -0.1444398636748384 -0.1894102887248993
0.4293022474249571 0.14443986366536277 0.18941028871988808
0.5766978500514204 -0.486567457187682 -0.2806722277921397
-0.5766978500584525 0.4865674571909383 0.2806722277882171
0.2467809710206219 0.18396275374502544 -0.23044308603304706
-0.24678097102561244 -0.18396275373919369 0.2304430860407093
-0.6125230115589384 -0.3987319272353909 0.4979057425675213
0.6125230115671347 0.3987319272357778 -0.4979057425662504
1.3782026871461202 1.49318291700701 1.5981680929629247
-1.3782026871387463 -1.4931829170129989 -1.598168092966812
-0.5179466141319932 0.09059846268443145 -0.7025393985009191
0.5179466141312551 -0.09059846268872507 0.7025393985025561
-0.4491842250698548 0.03179514663632993 0.03514522146085032
0.44918422506464784 -0.03179514662577071 -0.03514522145585135
0.5848340726129874 -0.47850070971311426 0.12109546468454445
-0.5848340726144169 0.4785007097128373 -0.12109546468729375
0.3946354798242082 1.0930514003844425 0.3415197745533366
-0.3946354798167275 -1.0930514003900993 -0.34151977455700455
-0.29309161291268887 -0.3269352464596079 0.0988734908416952
0.2930916129144015 0.3269352464615297 -0.09887349084202676
0.11026202587235685 0.3627419015516313 -0.07318064346916679
-0.11026202587696274 -0.36274190155078295 0.0731806434676169
-0.3272845201428232 -1.0520397424359593 0.5295221523928114
0.3272845201382337 1.0520397424388448 -0.5295221523872606
0.875838539283116 0.9740789834820732 0.6316693553506834
-0.8758385392815485 -0.9740789834867746 -0.6316693553529578
-2.165849691968005 -0.17637878030482906 -0.8291573635575749
2.1658496919626558 0.17637878030329426 0.8291573635601258
-1.3923124707540564 1.2405222065907537 -1.3580094913220007
1.3923124707499677 -1.2405222065932233 1.3580094913248524
2.008210251395038 -0.21792586397427374 1.391973017425828
-2.008210251387167 0.2179258639829795 -1.3919730174289553
-0.0933286903659801 0.11083386802510861 0.30864390982846235
0.09332869036881024 -0.11083386804109474 -0.308643909826478
0.5395574369938225 -0.5598325903724424 -0.5674766638229757
-0.5395574369982492 0.5598325903791076 0.5674766638151052
0.13666960132789177 0.1948969564597726 -0.007777788693717591
-0.13666960132397787 -0.19489695644517485 0.007777788704305816
-0.17511195014855468 -0.11779815475869843 0.011693424754020625
0.17511195014623535 0.11779815475342059 -0.011693424758719921
1.9439125399853432 2.453486729783888 2.694887444322584
-1.943912539986487 -2.453486729784674 -2.6948874443186766
-0.055827109332784626 0.022161112263201 -1.309592083643159
0.05582710933634001 -0.022161112266533667 1.3095920836484898
-0.35632191107095007 -0.21270792419477452 0.628608278547141
0.3563219110834128 0.21270792419690743 -0.6286082785560374
0.5834586461425483 -0.9010915089327365 -0.2655009915843911
-0.5834586461574226 0.90109150893472 0.2655009915840475
0.4004440836149432 0.967025588851348 -0.0030510585231130205
-0.4004440836146928 -0.9670255888593249 0.0030510585274015345
0.6350291612717126 -0.5390348587801952 0.13441093790360423
-0.6350291612710481 0.539034858769659 -0.1344109379037464
-0.3339119958689656 0.39080183675170455 -0.08119266407905262
0.33391199587941556 -0.3908018367416003 0.08119266408135391
-0.9726330814027823 -1.2494894422680043 0.4982023601190585
0.9726330813914184 1.249489442276413 -0.498202360125506
0.7953271826060535 0.8680005633470731 0.1092149747367227
-0.7953271826080107 -0.8680005633399943 -0.10921497473527858
-0.6443526957275875 -0.3266959707388906 0.259475662709705
0.6443526957224683 0.3266959707358369 -0.25947566271598715
-1.1660697303961285 1.1581477298194631 -0.6846971198758313
1.1660697303877208 -1.1581477298171947 0.6846971198858025
0.6907443206610903 -0.14722264260818407 -0.029002173024026218
-0.6907443206456044 0.14722264260188833 0.02900217301889374
-0.15747989370786392 -0.16857859504753445 0.019990899451948943
0.1574798937087821 0.16857859505865008 -0.019990899458193406
0.6560260850328892 -0.3578555309382577 -0.5655970965694329
-0.6560260850285875 0.3578555309370117 0.5655970965706831
0.1862895897540996 -0.1373800297625689 0.11886565565221753
-0.18628958976193838 0.13738002975263017 -0.11886565565423016
-0.4625626325075628 -0.09284230883644254 0.22660550237915905
0.46256263251018037 0.0928423088365118 -0.22660550237215088
0.3056335919095883 0.02818005573818045 0.5550795924105587
-0.30563359191921463 -0.0281800557273158 -0.555079592411438
0.2988046928363347 -0.3052373227071222 -0.6739528764211644
-0.2988046928275869 0.30523732272136855 0.6739528764190275
-0.0357765553428878 -0.07934927655969487 -0.18154171285648846
0.03577655533050364 0.07934927655006396 0.18154171285984266
0.02817561590756719 0.3387201127844481 0.11267937531960746
-0.02817561589430642 -0.33872011279992853 -0.11267937531994576
0.9526599755613783 1.0538585234968476 0.9283315765084604
-0.9526599755660202 -1.0538585234959916 -0.928331576492369
1.5481912471968953 0.9621277048278274 -0.4053703302007893
-1.5481912471962143 -0.9621277048319019 0.40537033019350227
-0.7842035664490924 -1.2179804364573548 0.29605510042278865
0.7842035664567371 1.217980436464677 -0.29605510041993305
-1.459148642326981 -1.4667863895601834 0.63083660405475
1.4591486423232973 1.4667863895560804 -0.630836604066411
0.022478451372723418 0.7700103526073975 0.6959515366119647
-0.022478451371341406 -0.7700103526155798 -0.6959515365975442
0.03328548457425902 -0.11561970738848626 -0.31282886865590065
-0.03328548457096983 0.11561970738455726 0.31282886865542836
0.3352531126129387 0.02204329922754511 -0.3228836726538802
-0.33525311260510915 -0.02204329921788513 0.32288367265399964
-0.44804038580244215 -0.949680450960224 0.7688032291170157
0.4480403857899413 0.9496804509626758 -0.7688032291310836
0.8330541849670692 0.7250176847771947 0.7454286873596216
-0.833054184971454 -0.725017684773114 -0.7454286873575706
1.065861506360593 -0.2997543739379818 -0.5884745954850434
-1.0658615063533403 0.29975437394244037 0.5884745954902879
-0.43997623287082377 0.06243852642673381 0.3900739955790104
0.4399762328712428 -0.06243852643009959 -0.3900739955851286
-0.8224467021000474 -0.7976684499160314 -0.11525876870872227
0.8224467020967603 0.7976684499108564 0.11525876870754401
-0.12941450322442288 -0.20249531319037944 -0.11983478913708456
0.12941450322330134 0.20249531317970887 0.11983478913657317
0.5937753628313743 -0.5850040992749455 -0.45715520448125174
-0.5937753628312172 0.5850040992697584 0.4571552044892221
0.0519510208914788 0.1443722335640813 0.29670323726235837
-0.0519510208814683 -0.14437223355708684 -0.29670323726497383
-0.14983725566984302 0.08366363474488447 -0.19030226390736765
0.14983725566079592 -0.08366363473601954 0.1903022639025219
-0.2856057860179178 -0.33901651114437437 0.06078197306975737
0.2856057860331228 0.3390165111387263 -0.06078197308527772
1.2440950377665458 -1.065040958082399 -1.1056071470108177
-1.2440950377721254 1.065040958079071 1.1056071470133613
0.26667859248355275 0.20608572984425025 0.13754923931269236
-0.26667859249126546 -0.20608572984531212 -0.13754923930544583
-0.6422533464688553 -0.007309535567201864 0.13667802104360682
0.6422533464669397 0.007309535577241122 -0.1366780210378798
0.1710749268463811 0.3814555180354191 -0.5223515644600549
-0.1710749268402253 -0.38145551805278877 0.5223515644660623
0.29944196863266176 -0.15328055123247297 0.5204157995890724
-0.29944196864499534 0.15328055124030754 -0.5204157996019312
-0.44272090112354445 0.17784516375263182 -0.36428952837598094
0.44272090112693546 -0.1778451637397397 0.3642895283842808
-0.8291329137281314 -0.7135860477592546 0.6825777907023438
0.8291329137309179 0.713586047755896 -0.6825777907037924
0.92262354287327 -0.4866262090665789 0.2143854927105902
-0.9226235428727854 0.48662620905241083 -0.21438549270230117
0.2606745569701677 -0.6412284260316125 -0.5420110576638829
-0.26067455696775366 0.6412284260268273 0.5420110576631325
-1.5017456251951105 1.3568184822779745 -1.6221940879817567
1.501745625207567 -1.3568184822677818 1.6221940879825523
-0.5040233251648488 0.4896812859279023 0.9051092753696908
0.5040233251494952 -0.4896812859191425 -0.9051092753780263
0.27900845018065557 -0.5884198091562688 0.24200095751294895
-0.2790084501882841 0.5884198091674775 -0.24200095751966227
1.1925718597414166 -1.1509855838053265 -1.158030431432661
-1.192571859735859 1.150985583802904 1.158030431431983
-0.13170276790183344 0.40940498001454717 0.19044338939644756
0.13170276789270363 -0.40940498001465103 -0.19044338940421668
-0.4363573862039266 0.6198757006972968 -0.321298581853379
0.43635738621512843 -0.6198757007059763 0.3212985818685401
0.10036614396184323 0.14818184239154503 -0.5999855831043784
-0.10036614395687071 -0.14818184238839655 0.5999855830959557
0.6102670104727854 -0.9757155128847075 0.18420041155551836
-0.6102670104754647 0.9757155128851948 -0.18420041156038613
-0.8039362877908605 1.0052340999019593 -0.32143583027433864
0.8039362877841801 -1.0052340999086349 0.3214358302685488
-0.14424651361695978 -0.08802218549193302 -0.20635417765737268
0.1442465136213471 0.08802218549497277 0.20635417767645348
0.18390273834869852 0.1980995708820497 0.24744835149500632
-0.18390273835170873 -0.1980995708753814 -0.2474483515078552
0.3690411017231963 0.46545810461063997 -0.14583478458340948
-0.36904110172044213 -0.4654581046135005 0.14583478459182
-0.07656539888319025 -0.6339836288712747 0.06829023145550264
0.07656539888366462 0.633983628860799 -0.06829023146411972
-0.3869521682312755 -0.2986406686247851 0.3131164914747192
0.3869521682310584 0.2986406686314528 -0.3131164914616648
-0.616271272992757 -0.5160666254506939 0.26420272145747614
0.6162712730043225 0.5160666254445322 -0.2642027214659844
0.8696903587742213 -0.4647138960702269 -0.7325900340986153
-0.869690358776861 0.46471389606941227 0.7325900340842931
0.5171846770581068 0.18445621339386511 -0.649790899098553
-0.5171846770600901 -0.18445621338362697 0.6497908991159352
-1.053401664907267 -0.2816806697942467 0.8420583697444841
1.0534016649003268 0.28168066979098505 -0.8420583697390366
0.6189888726230088 0.6128146844099651 0.6620272654002691
-0.6189888726285535 -0.6128146844078463 -0.6620272653945953
-0.26896959387160724 0.4238806765910258 -0.13321708057685527
0.2689695938812833 -0.4238806765939825 0.1332170805811714
-0.5471820057089719 -0.028944211593690955 -0.5208273759867998
0.5471820057158523 0.028944211598224107 0.5208273759829126
-0.009410502003732335 -0.463885571589465 0.6132369447023771
0.009410501992718923 0.4638855715857719 -0.6132369447084796
0.754287597257314 0.6024100329842718 1.0191998080562799
-0.7542875972512781 -0.6024100329858053 -1.0191998080576739
1.2660021437582427 0.9177661775359472 -0.747490263798751
-1.2660021437676146 -0.9177661775387091 0.7474902637960888
-0.5570915991518973 -1.32939849011426 0.007412982430104409
0.5570915991635167 1.3293984901175335 -0.007412982424437997
-0.8321344629715407 -0.559116580164293 0.6209024971775379
0.8321344629632584 0.5591165801653134 -0.6209024971791481
1.1118798155750658 1.068141674589317 1.1834714047372692
-1.1118798155708534 -1.0681416745943184 -1.1834714047313488
0.18526587299620723 -1.1336230548348514 -1.3494761956018522
-0.1852658730014134 1.1336230548209967 1.3494761956043306
-0.5085061853131188 1.205063195872119 0.28464078482690386
0.5085061853191382 -1.2050631958659253 -0.28464078483275435
0.4206348985020431 -0.5378949222913612 -0.5053977315888635
-0.42063489850706903 0.5378949223040235 0.5053977315863136
0.33619627382297046 0.4608012298953738 -0.3449021049756136
-0.3361962738272839 -0.4608012298924388 0.34490210498066853
0.3168636435122768 -0.3025833301163906 0.36304310246606286
-0.31686364350574725 0.3025833301200751 -0.36304310246367544
-0.3501696289901723 0.27037888754009154 0.003110939272551974
0.35016962898943643 -0.270378887542657 -0.0031109392701087896
-0.5977852767976876 -0.5342447749968389 0.2128398497963406
0.597785276796206 0.5342447749927863 -0.21283984980622586
0.37863727924860324 0.0903455269877897 0.18989742715541225
-0.3786372792345064 -0.09034552698396499 -0.18989742717242847
0.14140905153098327 0.6365767356595746 0.14189062630618474
-0.14140905154470876 -0.6365767356776586 -0.1418906263048108
-0.6892206844010065 -0.20493856160511298 -0.5604541917321825
0.6892206844048689 0.2049385616118506 0.5604541917296733
-0.4078858865912044 -0.24844524762499645 0.49984119394760884
0.4078858865869711 0.24844524763251802 -0.4998411939294576
-0.017403974284101564 -0.527971258273164 -0.10319133402706047
0.01740397428128731 0.5279712582758604 0.1031913340182184
1.3666640111438564 -1.2270275796160783 -1.1316484070174804
-1.3666640111404755 1.2270275796185945 1.1316484070177306
0.06356075250254942 0.2737123582831297 0.22146481220783984
-0.06356075251657217 -0.27371235828227874 -0.22146481220556166
-0.8639346500423368 0.11744915480936785 0.22247684402874834
0.8639346500557933 -0.11744915481543175 -0.2224768440224319
1.1537171306932 0.7431956691858408 0.7519334526663226
-1.1537171306782539 -0.7431956691865025 -0.7519334526718198
0.21761772789672026 0.08508594458080902 -0.09341109225238678
-0.21761772791298517 -0.0850859445913921 0.0934110922594319
-0.43892286115683854 0.18520555594823634 0.44027760461732507
0.43892286117714835 -0.1852055559458579 -0.4402776046170932
-0.09235606709363425 -0.25838930968050144 -0.7084638626432538
0.09235606707464256 0.25838930968936724 0.7084638626414731
0.04944828055062964 -0.6501914527894981 0.10347093912316899
-0.04944828055428619 0.6501914527800727 -0.10347093912103564
0.7536911125169098 -0.6285129161136962 -0.738250358063314
-0.7536911125137766 0.6285129161088064 0.7382503580646618
-0.031026780999279288 0.14027526057815998 -0.17474420676307512
0.031026781007845394 -0.14027526057188772 0.1747442067603019
-0.5095798947738043 0.535659220719258 0.18330245829997924
0.5095798947657597 -0.5356592207112156 -0.1833024583006882
0.9373287801968915 1.3760211107328801 1.4711281706238228
-0.9373287801843135 -1.3760211107377507 -1.4711281706304529
-0.2790956287023062 0.7858945809020794 -0.5044011179368442
0.2790956286984173 -0.785894580900956 0.5044011179291028
-0.34002757982058307 -0.6839645146192572 -0.3230851050941103
0.3400275798125101 0.6839645146210689 0.32308510510534544
-0.050056006605711634 -0.9220500258816418 1.0353267699257724
0.0500560066050981 0.9220500258835784 -1.035326769922634
0.20739667211695664 0.29048078002526284 0.19633887157388363
-0.2073966721224389 -0.29048077999874844 -0.19633887157672908
-0.5486050237327152 -0.14505990846609737 -0.21684292566931818
0.5486050237384928 0.14505990846055894 0.21684292567199204
-0.3552768912053859 0.4504150888400824 -0.37578838846897156
0.35527689119546624 -0.4504150888666302 0.37578838846442236
0.6310017844310047 -0.00859639865943107 0.1897074910933779
-0.6310017844213788 0.008596398665003002 -0.1897074910886572
1.3857414835565733 1.2202449424322683 1.202018492580528
-1.3857414835523845 -1.220244942437269 -1.20201849258152
-0.05962926402645358 0.25347164202667344 -0.27263202939108194
0.059629264016391265 -0.25347164201752426 0.2726320293805943
-0.46717470248932136 -0.10141143993995383 0.25807149076759467
0.4671747024900697 0.10141143994351332 -0.2580714907584959
0.10714925437911774 -0.38957722538736217 -0.30088301953718477
-0.10714925437399216 0.3895772253796547 0.3008830195395653
1.5251547206649543 1.8979146595518166 2.143660418700184
-1.5251547206691412 -1.8979146595417604 -2.143660418709229
0.8183822155930397 2.079318189661682 -0.37083047341000247
-0.8183822155933004 -2.079318189655604 0.370830473410943
-0.7602826281739273 -2.2610471624253887 0.1109358813438651
0.7602826281726465 2.261047162412409 -0.11093588133960745
-0.7767873948756104 -1.2359068519551402 0.8927550683350101
0.7767873948813363 1.2359068519519854 -0.8927550683311641
