0.614917 -0.697193 -0.190002
3.607677 -2.937971 -3.951653
-4.354464 3.466115 3.790116
0.792191 -0.133982 -0.227209
-0.335162 -0.107657 1.365693
-0.792456 0.012729 0.446951
-1.240776 2.759932 2.732946
0.200268 -0.880584 0.442603
2.218809 -1.826769 0.764386
2.167198 0.52126 -0.845445
-0.207896 2.959091 0.436461
1.03642 -1.827185 -0.884628
-3.009235 -3.944284 -5.670438
4.661576 4.836909 5.134067
-0.349007 -0.653036 -0.11279
-1.772899 -1.308967 0.949787
1.211435 2.719231 -1.022381
-2.129562 -2.373987 1.257366
1.091815 1.537586 -1.021327
-0.618891 -1.851827 0.07074
0.069274 -0.219184 -2.219947
2.578211 -0.311409 -0.670025
-1.405519 -1.52064 -4.283554
5.63663 -0.213923 -0.456912
-2.068764 0.373257 -0.577716
0.483174 -0.075112 2.693329
-1.983597 -2.772098 -3.386447
3.305748 2.494919 1.749526
0.682114 0.352521 -0.78325
-4.425685 0.053735 -0.007465
1.526753 -0.272948 5.640902
-1.435043 -1.978484 0.934061
9.503952 10.48235 -10.923568
1.196651 -1.264069 -2.075867
-1.080067 1.63783 1.67425
-0.671382 -0.410825 -1.981771
0.309366 0.568171 1.001015
-0.220168 -1.027768 0.930602
0.185118 -0.78712 0.240137
2.355858 -2.511165 -1.279598
0.493927 -4.539777 2.041509
0.973972 0.655738 4.656091
-4.80647 -4.828047 -4.171363
0.218592 7.00274 1.299916
-1.536664 3.95096 1.395329
4.039186 -3.566565 -2.592985
3.374981 1.210657 -0.819653
-2.182804 1.159586 -0.555984
-1.824989 -2.195215 -0.790011
0.602946 2.648697 0.237022
3.628852 -3.91461 4.143883
0.237782 0.551484 -1.430223
0.912397 -0.419553 2.338176
-0.079982 -0.332459 -2.109578
0.421437 -4.607062 -0.287354
3.507364 2.020175 1.950403
-0.97402 1.065339 -0.609085
-0.577681 -0.150105 0.447505
0.669618 1.337478 -0.591288
-0.955399 -2.224265 1.048055
-1.056218 1.957392 2.772488
-0.000751 0.788425 -5.274182
-0.07942 0.824103 -0.156947
-1.51844 2.193871 -0.512142
-0.09529 1.814276 -0.285674
-0.237939 -0.901473 0.135905
-0.892178 0.034382 1.773537
-3.403087 1.994916 -1.93436
0.81924 -0.214676 -1.934333
-3.419582 -1.715323 3.445815
-1.826681 3.500971 2.467028
-0.73556 -1.006596 -0.505379
-0.396927 -1.594025 -0.121524
1.508511 -0.403845 -0.252051
-1.224782 0.45307 -1.493506
-0.453271 -1.112829 2.498275
0.084514 1.585143 -1.160863
0.25509 -0.957315 -0.583904
-7.107529 6.808948 7.042938
1.201584 -4.03315 -1.33585
-2.364201 1.767021 1.2134
-0.147161 -0.63309 2.197414
-0.474719 -0.404222 -0.433327
0.895976 -1.279841 -0.865329
-0.865263 1.054226 -1.408194
-0.59759 0.565831 1.286101
0.107529 2.271347 0.158604
-3.909415 -3.045783 3.557241
-2.160089 2.67842 2.268432
-5.190762 3.751099 -3.769989
-0.254132 -0.068951 -0.882047
-3.40286 -2.670556 2.90764
5.022274 -2.182995 3.645338
6.445197 -7.988026 -5.71868
0.580995 -0.394364 -1.674216
0.748128 1.32554 1.49656
-2.897824 -1.060709 -1.245172
1.555617 2.198447 1.205376
1.725797 0.964954 -2.552402
-1.639566 2.59458 -2.757244
-1.499873 3.360806 1.609959
-0.258405 -0.848967 -0.732661
-1.910057 1.116435 1.53009
-2.64451 1.038485 -1.586571
3.113596 -0.344523 0.533617
0.715979 -0.28045 -0.261441
0.016897 2.073587 -0.888681
-1.657739 1.68969 -7.392674
-2.094975 -1.625033 -2.99487
0.556076 3.410395 -1.737469
1.292247 -2.032643 2.899251
-1.617466 1.149156 -0.53179
-2.724444 1.822246 1.479522
1.108497 -0.977046 -0.35628
0.269198 0.088285 2.007305
-0.969297 -1.374972 0.682596
3.44567 3.006783 -3.771638
2.244501 -0.553462 -0.649249
-2.777383 -1.51477 1.406691
2.84337 1.157128 -0.628994
-5.443652 4.960402 -4.394621
-2.741508 -2.288088 -2.420625
3.755478 -0.237841 0.134674
5.053028 -5.607454 4.189441
-1.86795 1.655503 -3.533727
0.394019 -0.632037 -0.496594
-0.38362 -0.420663 1.780547
-1.233833 -1.156553 0.322518
2.982008 1.641149 1.234208
0.286753 -1.880121 1.760797
2.543432 -3.049962 -1.488912
-1.197294 -0.991482 -1.308832
-1.560351 -1.336844 3.374385
-1.968281 1.208826 2.668203
0.654918 -1.493624 -2.151083
3.266531 -2.995771 2.37087
-2.233254 -4.827212 1.497533
1.972446 3.680902 -1.983694
-2.556752 -1.043858 2.334274
-0.315345 1.176729 -0.961134
0.380752 -0.588958 0.655062
3.271766 2.714778 -4.101012
-0.10001 2.397262 -1.202279
0.36939 0.395966 -1.900446
-0.929522 1.71952 0.352829
0.452558 0.369211 -1.023331
-0.264016 -0.091651 -0.298308
2.13129 -0.106258 -0.746408
-1.293062 2.812814 -1.930889
1.042093 -0.557153 1.977712
2.068289 -2.696081 -1.707856
0.189644 0.178133 0.92029
-0.323584 0.709056 -0.803385
1.033534 -0.660748 -1.511263
-0.41323 -0.176921 1.98869
0.399087 0.571964 0.946505
1.78297 -4.379497 -2.055041
0.659715 -0.869376 0.898025
-9.089994 -10.729606 10.360797
0.661975 -1.756382 0.719277
-0.311398 -0.275738 -0.513795
0.499669 -0.419491 -0.4912
-1.67962 2.038518 -0.221927
0.946521 0.999231 -0.106154
-0.104649 -1.331636 -0.116115
-2.044417 2.893442 2.252661
1.629161 -3.038333 -2.505055
0.402916 0.006201 -2.766426
-0.627377 -0.73448 2.111766
1.811179 -1.861906 1.544927
0.067117 0.101852 -0.440902
-1.00071 2.069818 1.430384
-1.593335 -0.984292 0.89042
0.522119 1.790136 -1.875134
1.134814 1.078084 -0.869849
3.334915 3.400017 -3.122423
-3.352348 3.591962 -3.673267
2.354749 -1.698112 2.450018
-0.960445 -0.584354 -2.050626
3.753179 -1.955758 2.831903
-4.743775 4.100257 -4.173936
-0.55444 -2.224124 -0.41366
1.078872 -0.021291 2.011156
3.043048 -1.19722 1.407022
0.789665 -2.46021 -1.246639
-1.582007 -0.869607 1.499872
4.182338 -2.187726 -1.633874
-3.933417 1.441283 0.489132
2.546939 1.097544 1.834374
1.793346 -1.333603 0.43358
-0.355657 -0.370982 -0.683598
-1.941441 3.897846 2.086699
-4.424875 -4.754224 4.494074
-0.471612 -1.344139 -2.076082
-0.496855 -1.021978 2.530759
-1.214649 0.659145 -1.012145
1.007685 -0.217168 0.921143
5.038972 3.17277 -3.137497
-4.31031 4.38508 -2.985408
3.098606 -1.886892 3.263867
-4.192865 0.494947 -0.407808
3.018063 2.177694 -1.62349
-2.930864 2.559195 -2.265522
2.135439 -0.96631 1.78776
0.154737 -2.4273 0.06788
2.016293 2.601504 -1.565011
-1.731559 -1.53435 0.321387
1.425354 3.111206 -1.734281
-0.406366 -0.334186 -1.496346
0.987177 -0.908089 2.040432
-2.267848 0.792014 0.010245
-1.123859 -0.242364 0.91507
1.240104 1.084475 -0.138821
1.594848 -0.736377 3.154182
-0.713917 -1.446976 0.017997
1.65949 -1.78215 7.297331
-1.161843 0.476107 1.668954
0.605972 0.137564 0.274422
-1.663409 -1.719573 1.713453
-1.057839 -1.568056 -1.866431
3.207995 -1.281258 -1.105466
1.261827 0.963326 -1.873628
-0.262637 0.21415 -0.482926
-0.95621 2.991904 0.45447
1.743122 -2.04715 -0.459317
-3.195245 -2.521975 -3.129806
3.030832 2.06218 1.453801
-0.896705 2.355844 -0.314109
-2.210059 2.009165 -2.236969
1.755066 1.293825 -0.853918
-1.869717 -3.649163 2.690032
-0.612927 0.109177 -0.702589
1.303632 -0.566212 -0.48834
-2.54729 -1.80389 -2.49847
2.036429 3.36142 2.647761
-0.356446 -0.866163 -1.000073
1.645847 0.073336 -0.008263
0.692312 0.782019 -0.457802
2.309037 -2.087839 -1.887921
0.656744 -3.068752 1.730305
1.518406 0.531213 -0.342105
0.056883 -0.490071 0.04518
1.43766 -0.662397 0.609129
-1.07822 2.320688 0.282837
-0.75549 0.199217 -1.007431
-2.831932 -0.314846 -0.198903
-0.57074 0.203161 3.721369
2.136205 -1.715977 2.173971
-1.022007 -1.335512 3.075034
-1.266978 2.116614 2.140258
-1.890837 -0.584814 0.183656
-0.992718 -0.266409 -0.003013
-1.543518 3.373985 -3.108576
-0.443787 -0.82885 1.581995
-1.224056 -0.650246 2.00826
3.136228 -0.564896 -0.092086
-2.501541 2.863398 -3.191175
-1.450786 0.251309 -0.764456
-1.936335 -2.573729 2.37447
0.132613 0.740372 0.224765
-3.643159 2.2277 -1.930329
-0.252408 0.973929 2.067245
-0.141485 -0.199558 -1.763439
5.552197 0.082668 -0.213704
-4.656011 -4.529546 4.023028
0.607197 -1.881476 1.4822
-0.540289 0.297991 -2.130522
-4.889808 -3.066603 -2.835277
2.980246 3.307462 5.16946
1.616889 -1.810562 0.478027
0.949448 -0.004539 -0.878589
-1.646905 -1.443114 -1.381172
1.66564 3.006528 2.053457
-1.725558 0.502729 -0.785993
3.568318 -2.522951 -2.171285
-3.490417 2.045845 2.31029
-1.670174 -0.206179 0.831529
-0.601573 0.352895 0.533578
-0.782906 -1.90518 1.474427
-1.28351 0.666337 0.413781
-0.184735 1.845436 -2.014603
0.888941 -0.854148 1.829686
-0.37303 0.073097 -0.123301
-1.3382 -2.301135 -1.859087
0.977491 1.52862 2.025783
-2.684223 -1.579792 -3.840932
2.073166 4.988824 1.004093
1.14527 -2.047333 1.951934
-2.49251 1.271391 -1.226729
-3.952489 2.305088 1.837817
0.845425 -0.964529 0.708099
-1.800989 0.695605 0.223149
0.417877 -0.551625 0.294003
-0.251017 0.729541 -1.520746
1.790022 -0.68566 0.4352
0.210266 -0.662145 -0.349825
-1.566623 -1.066303 2.17613
-0.267068 0.050764 2.434677
0.459962 -0.959626 -2.128532
3.192761 3.067772 -1.823016
-2.053973 2.081274 -2.178986
-0.618536 0.752689 1.170946
-6.358133 -5.095921 4.558404
-1.003219 2.139671 2.213387
-4.202692 -4.980301 4.028523
1.320227 0.9427 -1.428947
-2.549806 -2.825943 2.755929
-3.237534 -3.624139 -2.808159
2.546136 3.128418 3.309329
0.478617 0.599933 -0.055596
-1.09058 -0.600233 -1.311251
4.308981 0.830053 -0.98718
-1.132278 -3.523595 1.539547
1.11952 0.551067 0.600197
-2.902682 -1.915479 0.951023
2.111004 2.882803 -2.242444
-1.265275 0.412683 0.19092
0.397275 -0.091445 0.509203
1.253981 -1.460678 -0.25859
1.543067 1.990583 -0.817264
3.94791 -3.640357 -4.375603
-1.87707 -1.854458 -2.502666
1.910687 1.403767 0.81802
1.225304 -1.438312 0.322564
1.083736 2.378604 1.337949
-0.298091 -1.493755 0.383028
1.716515 -1.032971 -4.735651
-2.118496 -0.440256 -0.971683
1.235781 2.498092 0.857951
0.22386 -0.59716 -0.432486
1.005165 0.473384 0.473591
-4.775389 -4.601044 -4.14515
4.532368 5.199863 4.722107
-0.884954 1.577213 1.030436
0.16837 -1.656912 -0.925984
0.548231 0.009602 -0.19623
3.674838 -0.157153 0.212132
-1.00789 0.027456 -1.456653
0.145367 0.232936 1.78472
-3.013118 0.584017 -2.21237
-3.266582 3.52291 3.911943
-1.449459 1.145571 -1.28789
4.051403 -5.023421 3.140502
1.710977 0.660737 -0.407594
-2.313156 -3.584378 -2.507537
2.320021 3.972706 2.491626
2.71322 -1.097069 -0.537433
-3.59632 4.143277 -2.996852
-0.590976 -1.493701 -0.483037
0.935994 -1.420324 0.821666
1.286123 -2.927042 1.767302
0.61471 -1.085952 1.056209
4.6556 5.025813 -6.069136
-4.296199 2.454808 -2.540643
1.305327 -4.022768 0.610668
-0.687438 1.696649 -5.009464
2.533067 -3.145124 3.965271
-1.139961 -0.547344 1.693405
1.423798 -3.323347 1.585088
2.92538 1.951805 1.730436
0.504539 -2.167475 1.047131
0.835851 0.593201 -1.158809
-0.477811 0.302832 -0.767822
0.054542 -0.385707 2.334924
-2.672739 1.316 2.357146
1.200734 0.017522 0.24096
-4.146504 -2.369789 -0.612267
2.507537 1.802946 3.437674
-1.110749 -0.825586 -1.342971
2.126589 -0.488728 0.735628
3.679698 4.919162 -5.433791
1.215236 1.04669 2.773697
0.253404 3.439785 -1.193961
-0.605173 -0.269356 1.121367
-0.43506 1.306032 -0.812965
0.615467 -1.063928 1.072232
-1.010211 -0.22043 1.103134
-2.590357 -2.827493 0.924153
-1.043506 2.990819 0.520048
6.874729 -6.473049 -8.350331
0.248258 -0.848612 1.852978
0.81829 -1.74853 -1.594459
3.079011 3.872101 -3.850646
3.190544 -4.119696 -3.48214
-4.994287 8.448325 5.379306
0.189344 -1.062324 0.866391
-0.299122 -1.045943 -0.588865
0.876485 1.269497 0.801055
-0.777207 1.303347 -1.197588
-0.197695 -1.146938 -0.16686
2.689081 -2.394794 2.496522
2.607702 -1.48131 -1.970027
3.66858 4.770329 -5.465807
0.48691 -1.128382 0.915332
-1.155967 -1.962313 -0.251804
2.937254 0.081825 0.771768
-0.711934 0.415414 -0.757495
2.543047 -1.744469 -1.283909
-1.247833 1.478979 0.237921
3.94223 -3.774787 -3.30147
1.660339 0.687902 -3.379288
1.437916 -0.442293 -0.612332
-1.115856 1.779896 1.205592
-1.202462 2.198936 -3.170572
-4.8616 1.877128 2.545682
0.451773 2.503441 0.724115
-1.790543 2.915168 1.240799
1.071026 -1.727908 -1.664724
-2.171762 -0.158136 -0.168734
0.926561 -2.084958 0.788691
-2.411911 0.462145 0.030613
0.516566 2.209745 -0.143337
-2.747313 1.623324 1.004709
3.037435 -2.113858 -0.461617
1.161784 1.503893 0.209213
2.56414 -2.690037 -2.973826
1.853618 -1.728791 1.79382
-1.409979 -1.554683 1.267275
1.634121 1.934772 -2.438498
-2.54908 -2.381731 1.136348
-3.775943 3.971767 3.504334
-0.396161 0.753945 -2.342747
-1.159135 1.622564 1.858087
2.836433 -1.516228 -1.73226
-1.922326 0.266496 0.161518
0.497354 1.437102 -1.928613
-0.524524 1.389448 -0.382248
-0.47636 1.372438 -0.147412
-0.250745 -0.456314 3.42338
-0.401817 1.106135 -1.90982
-1.083516 -1.208701 0.648127
0.908512 0.049527 0.881965
-1.138442 0.253511 0.16337
-0.31517 1.184382 4.709564
-1.186518 -1.317061 0.302273
0.815939 0.710261 0.131521
1.990072 -1.610934 1.886224
-0.748492 0.141719 -1.483926
-1.237385 1.506281 2.30079
-0.251375 -1.469661 -1.304896
0.593241 0.196506 -1.458664
-1.995986 -1.635901 2.453517
-0.864744 -0.4374 -1.096952
-0.058464 1.095943 1.60444
0.791858 -3.039662 0.51458
1.980008 -0.34651 0.730634
-0.453682 1.511514 0.980826
0.950274 -0.819033 -3.148524
0.774795 0.455283 0.965398
-1.318243 0.669404 -0.186683
2.098187 1.827698 -1.593459
-3.381686 -3.334936 3.165312
1.551016 -1.099455 1.291937
-0.211242 -7.029075 -1.716377
0.304044 0.532759 -1.529333
-1.80178 -1.694638 2.973143
-0.662148 3.246495 -1.33421
0.521776 -0.306541 1.161594
-3.994762 4.184767 5.780358
-2.04284 0.608599 -1.49194
2.104031 -1.056119 -0.007776
0.3482 -1.256771 1.235685
2.264769 -1.622884 1.555575
0.914063 -1.990385 -3.257273
-1.729295 3.080639 3.678985
-1.056732 0.143776 -0.190144
-0.201846 0.055519 1.169464
-0.975839 0.261549 0.129151
3.078133 -3.946983 2.622121
-2.849362 2.077985 -0.500483
0.211046 -0.553325 -1.423469
0.739353 -0.521541 1.290709
-1.748107 4.012723 1.806188
-1.879192 1.582373 -2.828105
0.775189 -0.211517 1.38479
0.853752 1.34636 0.331388
-1.318207 -2.077772 -0.44417
-0.794269 1.403528 0.931647
3.222827 2.760718 -3.301595
3.653247 -3.043849 -3.141364
2.054491 -2.15419 3.130498
1.945934 -2.710679 -3.815871
0.626424 -1.944075 0.340093
-0.281571 1.637852 -0.724073
3.294323 1.513849 -0.339986
-0.673011 -0.242651 -1.060149
1.656313 -0.82732 0.859068
-1.858215 2.338458 -2.339192
-4.71034 5.031167 4.619261
1.091576 -0.476383 -2.089843
0.660251 -0.390096 0.760809
-2.403306 -2.9093 2.481599
-1.22323 -4.639481 -0.39467
1.224909 2.319123 3.81602
0.606657 2.059228 -0.729008
-0.022371 -0.867777 0.854279
2.073903 1.222193 -2.277959
-0.371697 0.750024 -1.630641
-0.890965 -1.280071 -0.934194
1.368368 0.019887 -0.307295
-0.887212 0.983206 -0.56625
1.041899 0.223194 0.446604
-2.905685 1.760989 1.259664
5.736805 -3.326216 -4.101838
-0.14965 -1.357669 -1.605285
0.944317 1.271369 1.601541
-6.568767 7.389036 4.976647
-0.805533 -2.493618 0.89027
0.768097 1.718218 -0.63558
-0.614587 -1.614437 0.437862
-0.691324 2.381785 0.518665
-0.567224 -1.448561 0.856214
-0.308512 0.794846 -0.477355
-1.573544 -1.235255 2.879155
0.521037 -0.666277 -0.236596
-0.478643 -0.984036 1.81346
1.322671 -0.771455 1.060062
-7.999049 -10.326345 10.874006
-1.560254 -0.478132 0.286116
0.398547 0.03052 0.603431
1.85282 2.507347 -1.561315
-0.906403 -2.584342 0.125326
0.992163 -0.983092 0.444578
-2.99313 -5.339485 -0.017632
-2.548488 3.463871 1.015693
-0.191508 1.278815 0.50975
0.610716 -2.756493 1.247285
2.484219 -0.007592 0.453247
5.022337 4.690108 -5.608168
-3.400646 2.025932 -2.448714
1.763861 1.816872 -1.880908
-0.882902 -1.226252 -0.589948
0.072642 1.401698 -0.123085
-2.758491 -1.915433 3.05871
1.457809 -0.389405 0.170764
1.811604 -0.741023 0.041989
-1.341122 -0.163482 -2.67049
2.15169 1.209631 -0.115242
0.808377 -0.581797 1.356541
-1.122561 -0.908704 -0.985307
0.675689 -1.657399 1.878027
-1.727151 -0.838445 2.15667
6.129002 8.102862 -10.74157
1.298839 0.85668 2.444029
0.296558 1.021424 -0.768566
-0.896057 -0.830488 1.184925
0.342933 2.788427 -0.836772
-1.374683 -3.572263 0.30664
-0.816413 0.716306 1.544729
0.995477 -0.138938 -0.033217
-1.475573 -1.259419 -1.934341
1.984075 2.946632 1.146732
0.676368 0.437719 0.005711
0.545317 -0.019336 0.159397
-1.107141 -0.711578 1.279366
-0.415424 -2.569248 -0.859555
1.378226 1.112957 1.421855
1.73492 2.908832 -1.991229
-2.463366 1.608495 -3.551962
1.052577 -0.81273 -0.939304
0.757489 -1.28707 -0.347138
1.591716 -2.92894 1.201692
-1.22069 -1.154827 0.800729
-0.325747 -1.623937 0.484518
2.419974 1.555994 1.79616
2.919523 1.798453 -1.198847
-3.125491 -4.070456 4.190556
-0.593972 2.525278 -0.150821
-0.612955 1.740232 -1.959465
-0.811854 -0.483562 -1.130046
2.361774 -0.989651 -1.25827
-2.382247 2.000437 2.447008
5.171242 -5.890587 -6.521869
-5.554773 -6.60752 -4.743731
5.425608 6.242705 6.892184
-0.608222 0.717279 -0.819267
-1.407636 -2.442766 1.633085
-2.641212 -1.563282 -3.305015
2.650566 2.265758 2.139395
-0.229748 0.110221 -0.98649
0.16345 0.310606 1.058854
-1.104499 0.415285 0.851616
0.730334 -1.524696 -0.165407
-0.622445 1.272083 1.100254
-0.993207 0.538794 -3.026224
-1.337341 2.591215 2.28778
-0.268381 -1.26359 -1.416405
-0.393604 0.39707 1.158763
-0.118482 0.127641 -3.010489
-0.793508 0.089797 0.117028
0.774506 0.835382 0.349645
-1.463455 0.041918 0.972142
1.158686 -0.132929 -2.679872
2.573208 1.65766 -2.388863
-0.742418 0.599043 -0.529075
3.16085 -3.799013 3.118815
-0.433498 -1.132643 1.633485
5.44728 5.578116 -6.021365
1.788437 1.140744 -0.630951
1.289178 -1.623715 1.94621
-1.078037 -1.03761 -1.332059
2.995974 2.051092 -1.385326
-0.661492 -1.281922 -0.606008
-1.56497 0.018822 0.324983
-1.509074 -0.243876 1.870534
-0.082251 1.32675 0.279955
0.28187 -2.183144 -0.588625
-2.337463 2.580239 2.271684
0.270254 0.318653 -3.548244
-1.68714 -1.230851 -4.256588
3.51635 2.319402 0.721953
-0.632127 1.313012 0.755205
-1.095701 0.224289 -0.869452
-1.884802 1.403836 2.82798
-1.163914 2.297018 -1.409019
-1.125802 0.726767 1.803181
-2.756406 2.0366 -3.840735
-0.80173 2.297459 0.844317
-0.070371 -0.500205 -3.639457
-1.950647 0.074678 1.422527
1.38118 0.884144 -0.425375
1.500613 1.241923 1.131351
2.652398 -2.50336 -3.287326
1.432478 -0.91245 1.812696
0.337063 -0.432783 -1.939008
-0.356472 0.487826 1.286321
0.665655 -1.128819 -1.374182
-0.757316 1.333487 -0.064299
2.652032 -1.114375 -2.191496
-2.291445 0.644581 -2.150298
-0.022747 -0.009875 2.299498
-0.202413 -2.521274 -0.502591
0.765217 2.086358 -0.945364
4.354274 -2.725322 2.230139
-0.764172 -1.413878 0.32675
4.949967 2.073663 -1.784111
-0.645544 -0.182688 0.257344
-1.229801 0.668359 -0.21861
1.40506 2.219318 1.56244
0.743873 1.820206 0.886047
-2.783866 1.096198 -2.016011
-0.148997 1.296646 -0.189076
-1.568915 -6.636698 2.436338
-3.078021 3.022434 2.669032
-8.766637 -5.901457 5.368649
-2.995566 -1.01754 -0.804147
0.08391 2.686427 2.031342
4.607017 3.772314 -5.871569
0.061494 -2.549258 -0.291578
-3.14552 4.689148 -1.009897
4.621635 -3.695824 -1.103209
1.454511 -2.117989 2.729926
-3.290352 2.945889 -4.227414
-2.528658 -1.177218 -0.515565
-1.601615 0.728629 2.058504
3.381757 -3.164465 2.471207
-1.872917 -1.817373 1.452846
-0.916709 2.569297 1.785997
-1.833575 -2.139343 1.562919
0.41208 -0.135851 1.198831
-1.590454 2.174042 -2.768015
0.341449 0.398024 0.681581
0.096103 -0.567625 -1.583751
1.814991 -0.968404 1.031003
-2.918611 1.956094 -1.191082
1.274561 -1.723245 2.657558
-1.834971 1.415948 -0.900311
-1.503324 -0.061239 -2.77751
-2.190894 3.650078 0.004332
0.766058 0.8625 -1.347047
-0.647315 0.173516 -0.141625
1.684124 -1.984325 4.08834
1.031419 -1.573209 -1.757973
1.832113 1.739563 -0.868745
-2.410773 -0.33138 -0.901028
1.450244 0.425711 -0.312229
0.402642 1.129118 0.659376
-0.618292 -2.689951 -0.999025
0.281299 0.580959 1.691498
1.176068 1.545142 -2.850505
-1.509349 1.835011 -1.232781
-2.006755 -0.81345 0.370004
2.352765 0.71462 0.493416
1.377817 -1.43552 -1.006019
2.079345 2.209985 0.774727
1.370359 -2.837257 2.273806
-0.802238 1.722878 -3.010507
-0.348559 -1.109604 0.696723
-0.870479 1.648622 -1.0359
-2.476394 -2.230378 -1.147555
1.457912 2.702782 1.640236
1.562496 -2.552269 1.340707
-1.235383 0.447446 2.030891
0.438566 -0.061828 -1.024827
-0.093829 -0.229828 -0.661415
-1.357131 -2.30747 -1.210987
2.472539 1.859241 1.499789
3.273193 -0.701412 0.531858
0.277342 -1.87501 -0.806697
1.648637 1.865181 -3.208013
1.410879 0.667989 0.007407
-0.313082 1.323979 2.186559
-0.464476 -1.971453 -0.432884
-1.427406 -0.485391 -1.503869
1.129408 2.095023 0.367175
0.051884 -1.336052 -0.189492
-3.396834 -2.67347 3.136953
2.252792 0.28972 0.186016
-2.603856 -1.792911 1.030261
4.61378 2.125286 -2.050569
-1.448104 -0.303139 -1.332657
0.210684 -1.45951 0.229526
-0.009276 0.77608 -2.539655
1.416468 2.656715 -1.094184
-4.114519 2.727179 -3.988015
-0.581641 1.054222 -0.777787
-0.684367 -0.015078 2.539597
-2.545143 -4.201515 -3.484152
3.575305 3.408784 2.430843
-1.3127 1.311647 1.560818
-0.754253 0.823523 -0.158425
1.211025 1.566085 1.179854
-1.496507 -4.268542 2.321988
4.238426 3.60428 -2.99688
-0.712509 0.589104 -2.317618
1.877142 2.741792 -1.111753
-0.345215 -0.476469 -1.381013
5.655404 3.3294 -3.269128
-1.281008 1.082855 0.204404
0.274536 -0.846398 0.933273
-2.167682 2.016915 -3.045263
-0.409872 0.783904 1.140867
2.075783 -1.181572 -2.912067
-0.823871 1.488409 1.070311
-1.430424 1.537566 -0.883056
2.503323 2.116352 -2.509355
1.189337 -0.212779 0.337063
-0.045166 -0.68888 1.289367
0.082264 -1.337919 -0.674902
5.16674 -0.320018 -0.378259
-2.487566 1.393329 -1.408925
2.407859 -0.546225 1.332257
-1.948813 -3.266913 1.447115
2.027159 0.517987 -0.055713
-4.401351 0.373883 0.942558
1.583095 -0.971405 1.086177
1.362154 -1.518208 -0.268656
0.47321 1.021985 -0.795597
0.244123 1.395444 -2.119892
-0.573703 0.244132 0.682319
-1.266038 -1.76192 2.301696
0.957888 -1.010846 1.550432
-0.418173 -0.568008 -0.4063
-0.823084 0.592605 0.805473
-4.822778 -1.481186 1.887814
0.369399 -2.925437 0.797723
2.116173 1.11502 2.294484
0.115387 -0.153545 0.751142
-0.035914 -0.69659 0.16868
-1.444693 0.190436 -1.208805
1.237068 -0.052209 1.636249
-0.881119 -0.07128 -0.604216
1.178921 -0.532022 0.879209
1.805236 -0.096568 -0.349669
-0.310373 -2.038579 -0.018643
-0.547321 1.126816 0.391504
1.735837 -1.107353 -0.091635
0.9336 1.231407 -1.929013
2.046958 1.519274 0.940036
2.246469 1.722102 -0.409456
-1.507175 -0.158046 0.321839
0.249689 1.826745 -3.315416
-1.9654 0.06195 0.845942
-2.915275 -4.355393 4.472992
4.671985 -0.576842 0.648993
1.799267 -1.925774 -1.946331
-2.987642 -3.059221 -2.748616
2.4926 2.085233 2.419576
0.220484 -1.314097 1.404956
-1.394307 -0.128564 -0.822447
2.648738 -3.983551 3.587956
-1.839464 -1.60439 3.420194
0.606648 -0.196572 1.29293
-1.886875 2.70889 -3.779884
-0.971464 2.339447 0.12621
-1.315872 -0.049143 1.002229
1.849543 -0.724627 1.947041
-1.391663 -0.420976 0.05564
0.476305 0.271879 -1.177388
-1.924838 -1.403823 1.415552
-1.593455 0.825941 0.53708
-2.081646 -2.866112 3.424173
-1.383446 0.553664 -0.476768
1.052945 0.641446 -1.133018
1.151766 -2.122461 2.239368
-0.551412 2.422056 -1.964776
0.837193 -3.320197 1.058907
-0.371806 -2.583625 3.016203
0.955137 -2.195523 0.826028
3.360996 -1.156142 -2.473227
1.935324 -0.842934 1.257996
0.38548 -2.881462 -0.94548
-0.434263 -2.159201 -3.10616
2.64096 3.05022 1.016064
-0.791505 -0.655508 0.224521
3.646739 -3.866729 -5.162385
0.190628 -1.655739 -0.178976
0.58154 0.848583 0.919547
-3.316222 3.753213 3.466727
0.557252 -3.256403 -0.656126
-6.219863 4.501031 4.99337
0.132706 0.451569 0.549733
2.15628 3.898905 -3.333873
0.077301 -1.125839 -1.367642
2.278232 0.394016 -1.056693
-3.954006 0.850427 -0.457766
1.393001 -0.880045 1.246173
-0.082518 -0.405043 0.422968
-3.174395 -0.852982 -0.697794
0.998319 2.109424 0.824812
1.632146 -0.667927 1.752838
-1.354848 0.674371 -2.032458
1.702055 3.320666 -0.351663
-1.413319 2.388849 -2.375837
2.703439 -2.371931 1.834978
-2.178419 -2.561552 1.940118
0.399418 1.524676 0.956268
-2.630065 -1.929229 0.758808
-1.103938 0.358189 -0.929276
-0.792626 -0.893037 1.564424
-0.079596 0.771225 2.110506
-1.38023 1.663086 -3.785597
3.155005 0.709431 -0.138091
-2.568274 0.759046 -1.364271
-5.554063 6.535804 4.779199
-1.709918 -3.519697 1.449294
-1.718212 -1.7793 -0.37334
0.425311 1.856364 -2.035799
-0.048496 0.973793 -0.291566
-0.775321 -0.66604 -0.323719
1.432886 2.353893 -1.591786
-0.246665 -0.878457 0.351925
1.68836 5.034031 -2.22403
-0.947172 0.701825 -2.382067
-2.889248 -1.142684 -1.163043
0.62463 3.15655 1.818984
0.228629 -0.15546 1.260221
0.873427 -0.382346 -1.626153
1.176521 -0.722711 1.928949
-0.364611 0.007472 -1.713899
-0.30556 0.573381 0.3537
3.500689 -3.633141 -3.590592
-3.041309 2.581242 3.973638
5.122684 -5.068623 -5.041882
1.189548 1.500013 -1.504773
-2.403503 -3.425564 3.131084
-0.364018 0.037553 2.048923
-1.807396 1.859249 -1.704668
3.424008 -2.456174 3.187928
-3.080447 -1.507978 1.350932
3.933184 2.208977 -2.608478
-1.536568 -1.183696 0.212098
0.291827 0.33992 1.542562
-0.298111 0.464662 -0.745829
0.783464 1.753913 -0.983417
-1.419382 -0.291303 1.642313
-4.443286 4.73962 -1.168919
4.176132 -5.365093 -1.672689
0.01335 0.623988 -0.016221
1.256637 0.722773 -0.699702
1.187701 -0.985607 3.003887
1.362175 -1.068168 -1.176505
-2.830673 0.607859 1.772628
0.792785 -0.351124 0.433145
-0.48516 0.69463 3.486411
-0.93562 -0.630117 -1.270404
0.094991 0.584843 -1.09854
-1.548289 0.302568 -1.81761
3.498871 -3.859295 4.085327
-0.355033 0.998341 -2.186889
0.646797 -0.172698 2.106317
0.335365 -0.165308 0.885602
-0.938634 1.969055 0.623341
0.95954 -1.334699 -0.197318
-1.261957 0.459878 -1.201286
0.575433 0.61997 1.6923
2.340875 1.516297 -4.227075
-5.187184 -3.585427 4.591157
-1.002386 -0.10079 -0.751128
2.477301 -0.884596 -0.93759
-6.121395 -8.550295 -6.993312
6.94479 7.20348 8.368912
-0.696432 -0.853074 -3.97542
3.871939 0.932659 0.911347
0.359281 0.712609 1.377696
-0.825773 -0.019734 -0.842056
-1.438488 0.082871 0.538561
0.237048 -0.89065 0.729986
-1.95493 -0.596561 -0.707898
0.406123 -1.590071 1.367094
1.328205 -2.091075 3.032669
1.406519 -0.700086 -2.701494
-0.413229 2.276532 -0.99579
-2.165361 -0.584925 2.762402
-1.799999 -1.152628 0.09205
2.719595 -0.750203 -0.213495
0.307832 -0.92828 1.258295
-0.448538 1.766692 -0.207107
0.122058 2.58203 -1.348861
0.170075 1.57949 0.302052
-0.732741 -2.540801 -1.06771
2.10311 2.536484 2.175845
3.798254 3.947965 -6.065668
2.704466 0.98183 1.968006
-1.43056 -0.108175 1.962891
-0.289259 1.478073 -0.448753
-0.990636 -3.942826 -1.360827
2.791764 1.777629 1.467915
-0.175197 -0.022508 -0.601083
1.624104 1.818653 1.589166
-0.809438 0.686698 -0.381834
1.803403 -0.715656 -1.780775
-0.37276 -0.445563 1.424536
1.805483 -3.3218 -0.930004
1.148742 0.879409 -1.174997
-5.175336 -4.767995 5.238226
-0.327454 -1.87743 -1.22937
0.74583 1.233602 0.674818
2.552314 1.533883 -2.853394
1.283066 -1.077113 0.8504
3.077949 5.90688 -3.633117
0.202197 -0.52305 -1.023163
0.71678 0.855239 -0.815884
-0.394072 -2.191031 0.493789
1.730908 -2.984869 4.214671
0.35602 -0.056498 -1.645581
-3.267381 -2.87878 -3.81187
3.878902 2.142558 2.739999
0.820736 0.827126 -0.082309
1.0077 0.045922 -0.14281
-1.714964 -1.149041 -4.150516
1.458451 4.529473 0.507829
0.466622 -0.491389 0.602686
-1.021652 -0.035336 0.354556
2.935935 -0.297562 1.253564
-6.408114 -2.092811 1.373941
-0.382905 -2.536414 0.346746
1.781745 0.71507 0.404969
-7.814561 8.129652 7.759732
-0.832027 0.162348 0.551869
-1.031249 -0.057992 -1.343114
0.873308 -1.360309 1.052745
0.851731 -0.664417 0.619826
-6.775864 -8.385171 6.92177
0.171492 -1.662867 -2.327387
0.734001 0.543274 3.470034
-0.992965 -0.501851 -0.879327
0.049318 -0.600607 0.946658
0.493307 -1.185822 0.241131
-1.418731 1.987115 0.03239
-0.948336 2.013644 -0.676688
1.528289 0.730681 0.861153
-3.029852 -1.878301 -3.155856
-0.096162 1.025769 4.377671
-1.816376 -1.8521 -3.379476
2.085745 1.862914 -0.107185
-0.32121 2.494344 0.941951
-0.678614 0.379181 -1.506347
1.562714 0.613358 0.880995
-0.245396 -0.807167 -0.274009
0.359778 -3.051523 1.085343
0.912255 0.875426 2.28549
-0.272142 0.168842 -0.934423
0.228825 -0.686872 0.429786
-0.798862 -1.195159 -0.352741
3.566376 -0.776636 -0.852882
0.814636 1.506905 -0.99521
1.572703 -1.764688 -3.193982
0.775296 0.870713 0.603793
-2.025749 -0.453459 0.05004
-0.981299 0.71707 0.376696
-1.503365 -4.288053 1.748166
-1.339354 -2.218946 -1.193507
-0.686982 2.442335 -0.037319
-0.505583 -0.712524 -1.796563
-0.333095 -0.056603 2.409694
-8.730989 -8.667972 11.459882
1.024716 1.442425 -1.424133
-0.968992 0.289059 0.536858
-1.139061 0.658918 0.012603
6.549939 -7.624575 -9.067243
-0.269992 -2.042333 0.184254
2.142531 -1.717041 -1.843438
1.075304 0.097972 0.209779
-1.442715 -1.813188 1.00224
-10.69784 -13.40978 -15.152084
10.714675 13.084845 16.292318
-2.353476 -2.702464 -2.444077
2.847035 2.462544 3.008952
-1.227874 -0.868711 -0.405581
0.619678 -0.528572 -0.098797
-1.209337 1.262778 3.044876
-1.900014 1.120038 -1.626177
-2.249523 2.903987 2.412905
-1.372293 1.549118 -2.859187
-0.230091 1.10796 0.664274
-2.052479 -1.558166 0.984662
1.788556 -1.167009 1.530899
-0.173513 -0.07244 0.363789
-2.633139 0.032611 0.133211
0.267963 -0.124424 -0.903568
0.492014 1.588552 -1.441424
-4.189957 2.569853 -2.313237
2.943858 4.4717 -4.292638
-0.112783 0.211746 0.076968
2.776876 -3.290162 3.068078
1.302864 0.176757 1.106193
0.153709 2.786308 -0.286001
-3.261663 -0.162608 -0.688793
0.238264 -5.131633 0.223831
2.088553 2.292463 3.431875
7.555597 7.561365 -6.931959
-1.744538 0.758943 -0.116354
-0.105751 -0.518383 -1.964297
2.086181 -0.065899 0.786384
-0.13624 0.041395 -1.087845
-3.997235 4.604781 -4.259321
-2.694418 3.355439 1.997829
1.905033 -0.406286 -1.122999
-2.04195 -0.609227 0.529355
-0.776813 -2.22782 2.643258
0.937869 -0.41383 0.398569
-2.593099 -3.90536 1.297085
-1.921957 -2.726153 -0.60704
-0.220928 0.624383 3.206906
-2.290601 -1.622602 -1.583444
1.203588 2.73366 0.002166
-1.894333 -1.414759 -1.69042
0.585354 0.473512 3.694249
1.416036 -0.536386 1.911948
-2.898545 1.3434 -0.921291
-1.766216 -0.172083 0.594208
-0.396927 2.136826 -0.405741
0.267012 0.14718 -2.929609
0.466571 3.1458 -0.070951
-1.042772 -2.742981 -0.73059
0.788301 1.305126 2.284538
1.4565 -1.813635 0.169878
-0.175751 -1.364487 2.195949
-3.254824 -3.602405 -3.693784
2.999951 -0.085667 2.265354
1.753318 2.522915 -2.723211
-2.600518 2.388927 -2.362391
1.584631 1.471273 -1.211542
3.916591 -3.814277 -3.993685
4.753096 0.195191 0.806853
0.29455 -1.460228 -0.941123
-0.035381 -0.312542 0.505251
-0.508137 0.717343 0.211902
-2.976338 4.389123 2.895337
-0.812485 -1.607721 1.114936
-3.621851 -2.626991 -3.406318
2.816441 4.032438 2.786407
1.360343 1.040649 -2.607914
-0.733794 -0.142293 1.252185
-0.353906 2.925791 -0.425436
-1.601732 -1.362266 -0.34259
0.038259 -0.54226 -1.333506
0.535307 1.169933 0.61275
2.170931 -0.651982 0.926259
2.110692 -3.654458 -1.529137
-1.026865 1.904466 1.993372
4.166774 -4.93615 -4.960741
-0.480296 -0.904238 -0.7582
-0.102082 1.58781 1.107142
9.930661 8.279627 -11.946167
0.544851 -0.507845 -0.3851
0.50518 -0.058131 1.528725
1.435134 -0.414957 0.190552
-2.62993 -2.648036 -2.56137
2.523291 2.896811 0.34559
-4.107212 4.445289 4.693534
-4.435437 3.254178 -2.921742
-0.929241 4.585745 -1.231715
1.549043 0.010954 2.965714
-0.633033 1.401284 2.426024
-1.294742 -2.126744 -0.205729
-0.429009 1.200485 -1.7455
1.843118 1.496046 2.14826
-0.287848 0.263506 -0.09011
-0.943423 0.853081 1.954521
0.398639 0.565029 -2.54929
1.176583 1.357774 1.558676
0.056709 0.003639 3.733855
-1.639616 1.127616 -2.002701
0.135659 -0.311375 0.791883
-3.739979 -2.499074 2.126716
-0.024748 -1.44245 0.808717
1.980372 -1.559118 0.000441
-1.513654 -1.648599 -1.925769
-3.000523 4.615101 -5.175985
0.099375 0.624672 2.164926
1.600414 -2.992298 -1.300475
-0.001324 1.459366 2.182101
-1.390654 -1.871135 0.577284
1.785676 3.100884 -2.793216
-4.3957 -3.567245 3.494996
-0.466453 1.521772 1.367877
0.053115 -0.148154 -1.798705
0.445655 1.582637 0.105646
-0.385736 -1.440878 0.270535
0.061253 0.608606 -0.440288
1.005646 -0.760078 -0.46878
-1.951898 -1.508597 -2.163249
0.603744 -1.565147 2.218712
0.956634 0.941194 -1.802754
-0.144789 0.156723 0.32234
-0.183621 -1.438274 0.492982
0.495047 -0.703778 0.223111
-0.508352 -1.137222 -0.628573
-2.957593 3.696083 -2.515045
0.829098 3.049612 -2.309593
-1.109974 2.967452 -2.234843
-1.155025 2.149806 1.11369
-1.146607 -0.23022 -0.229759
2.865225 1.858365 -1.524009
0.261373 -0.372996 -0.27258
4.236053 4.415217 -3.740778
-0.355401 -2.12933 1.443845
-0.380235 1.060702 -1.081756
0.615973 0.901896 1.302714
3.08313 -3.271796 3.090355
0.092794 -0.935191 0.979435
-0.166657 1.009368 1.591701
-1.650753 -0.588561 -1.118783
0.571255 0.408143 -0.265096
1.517923 -1.866062 -0.284995
1.175735 -0.359065 1.042428
-2.101563 -0.295385 0.409526
-1.355065 1.216939 -0.192444
-0.151074 1.551534 -1.698948
0.831964 1.108091 0.415157
-1.970258 -0.459762 -3.580984
-1.624944 1.085732 2.049207
0.582281 -0.005383 -0.806439
1.076755 -4.77544 1.471572
0.52977 -1.111815 3.527076
-0.624236 -0.851279 -3.168372
1.489678 2.69622 0.35185
-0.872317 -0.119543 1.358202
0.745354 1.192966 -0.039963
0.233533 -0.143791 -1.586343
-1.234508 -3.819015 1.657474
0.238657 0.647553 -1.08141
-1.614678 -3.53072 2.069264
-1.567506 -1.543738 -0.696078
-0.91951 2.285588 -0.18294
0.178444 -1.519698 0.840606
1.542158 1.252443 1.425603
0.809817 0.354632 -2.04459
-2.3355 -2.511823 3.282868
-1.176048 -1.365658 -1.948244
0.603155 1.042957 0.838487
-3.780324 3.470566 4.245396
-0.907127 -0.672889 -0.061982
-0.152294 -1.805037 0.284014
-3.009951 0.722126 0.921717
5.738768 -5.039882 4.829835
-0.707508 0.744683 -1.392149
-0.582917 1.597874 2.774382
-1.352798 -1.343844 1.890223
-0.317582 0.54736 -3.713247
2.021172 2.431421 1.847685
-0.125981 2.256068 -0.83861
-4.459474 -4.055254 4.461423
4.68321 2.645412 -3.145097
0.937732 -0.871292 -1.977086
0.367295 -0.682803 -2.209831
2.505398 -3.75141 -1.024311
4.444587 3.455178 -4.12035
2.47389 -2.548568 -0.977923
-4.075032 -1.915698 -2.06463
2.123059 2.641356 4.313136
1.170792 0.638537 -3.419587
-1.108645 -0.903049 2.660745
1.446703 1.408772 -2.804843
2.350069 -0.15882 -1.183765
0.599414 -0.207453 -1.877722
-1.920321 1.792437 -0.959604
-0.221766 0.305042 -0.54187
-1.067257 0.234525 -0.709934
-0.177148 -0.534219 1.711187
0.059217 0.10383 -1.091484
1.150168 -0.377447 1.928555
0.067908 -0.894916 -0.975731
-2.249439 0.589906 -0.294915
1.415048 0.473179 2.776654
1.44325 -1.266859 2.362279
-1.12332 -2.321841 -0.529714
-1.74734 0.546132 0.723639
-0.378485 0.099425 1.639369
-2.624135 1.729401 3.402872
0.592206 0.27875 0.572794
-0.138115 -1.271635 0.479039
0.269796 -0.465877 1.314139
1.121132 -1.355727 -3.039574
0.52711 0.30616 1.940165
0.77736 0.061584 0.419046
-0.74046 -0.751013 -3.153315
0.524117 4.07975 0.358238
0.55087 -1.055999 3.381859
-1.477206 3.030754 -0.961617
1.714844 0.530418 -0.174885
-0.209105 -1.26719 0.166529
2.90472 0.749398 -1.363577
0.680139 -1.54432 0.507228
-1.866284 -0.162638 -0.848426
0.107384 -0.985895 0.950034
-0.730833 0.035567 -0.369994
1.717477 -1.00833 -3.509943
0.265423 1.792241 -1.392543
-1.269534 1.220547 -0.673514
4.866903 0.785374 -1.5917
-2.746041 1.511372 -1.635018
2.076465 0.311244 0.593412
-0.460114 -2.066395 -0.131024
-1.554492 0.394324 -0.817506
-1.08254 -0.303819 2.54843
-0.491957 -2.309777 -1.043308
-0.409673 -0.059896 0.360059
-1.410574 -1.601645 -1.420927
-0.656835 -2.660441 3.842177
-1.896468 -0.15352 0.560408
-1.226874 1.068597 0.604173
1.693293 -0.007592 1.922174
0.513876 -1.56056 -0.377541
0.651466 -0.938074 0.975726
-1.997901 0.764382 -1.198364
0.140368 0.163574 -0.702023
-0.631615 0.969188 -1.298421
2.030685 -0.289143 1.083389
-0.482475 1.514724 -1.759175
0.086048 1.146021 -0.621014
2.631029 -1.66218 -2.545066
0.600256 1.519656 -1.870284
-0.452344 0.126118 1.637812
2.710957 2.195976 -2.706502
-3.091869 0.919999 -0.412771
3.262454 2.361978 -2.619618
-0.721142 -0.603969 -1.374782
-0.794015 -3.438349 -0.693155
-0.325526 0.940679 3.540924
-1.337196 -1.299057 -3.61169
1.13838 3.293934 1.439022
0.363567 -4.188511 0.166019
3.429162 0.331095 1.260433
3.558009 2.552749 -2.308281
0.183767 0.710382 0.71001
-0.212882 0.492302 -0.440026
0.61856 -0.427494 -0.742087
-1.355975 0.86994 0.788607
-2.017851 -2.424084 2.460699
-0.38259 0.859124 -0.377232
-3.161497 -1.864968 1.349335
-2.276593 1.146389 0.130422
0.068102 1.46915 0.894609
0.688134 1.934202 -3.038922
0.73862 -0.691834 -0.239501
-1.046643 0.415532 -0.349733
-0.966227 -2.742886 2.128236
-1.85299 0.292604 0.920671
-0.173392 0.00269 0.715351
-2.728968 -2.921845 -3.921034
-0.920477 -1.266262 6.813345
2.631105 1.106307 -1.8164
1.189276 0.029357 -1.25581
0.256727 -0.226613 -0.482839
1.01118 -2.685432 -0.568685
-0.658067 -0.252855 3.26095
-0.525125 1.550635 -0.589445
-1.413214 -0.395899 -0.306887
-0.586918 0.316407 1.190879
0.477238 0.980132 -2.414319
1.051303 -0.938894 -1.422696
1.935129 0.20185 2.502968
-1.08108 -0.348512 -0.537882
3.334055 0.555444 -0.022928
-1.146293 -1.98984 0.503962
0.417135 2.655649 -1.410277
1.79563 -0.73735 -0.749796
-0.872084 -3.152873 -1.517109
2.629765 2.512025 1.142726
1.42874 0.691832 0.240108
-2.315636 -0.034969 -0.546072
0.879684 0.207044 -2.351072
-1.331782 -1.467966 4.133082
1.018415 0.476668 1.563499
-0.856322 -0.191321 0.102018
-0.735492 1.333858 -0.181108
0.242839 0.832751 1.50096
0.564129 1.118291 -0.048577
1.842207 0.670505 -0.513938
-3.404684 0.976911 1.986984
1.090656 1.063245 1.487291
1.484568 -3.545198 1.474891
-2.104503 0.871435 0.941622
1.754294 1.35125 -4.454849
-0.611863 -0.114042 1.572975
2.867803 -2.551042 2.556795
-2.279242 -2.963429 2.534889
0.224369 -0.339335 0.776581
-1.381486 -1.316986 -0.063377
0.630901 0.164897 1.575299
-1.769404 -0.850824 1.093753
-5.450326 6.746445 6.857101
-0.820439 -2.371219 1.557409
2.550944 0.016943 0.94741
-0.889539 -0.110116 -1.733289
1.898303 -2.023757 0.822716
0.273362 1.327078 -1.004536
-0.776226 -1.37721 0.150532
-1.445904 2.584925 -2.156516
1.855713 -0.36202 -0.43702
-4.965525 3.922021 -3.803273
-0.825469 0.376154 0.57944
-2.417736 -2.453129 1.454376
-0.325933 -0.345046 0.691976
1.670963 0.30681 0.267248
-2.43904 -2.927792 -1.680059
3.662744 1.441905 2.378426
0.398877 1.668731 -1.671631
-2.766002 2.523547 -2.052464
-3.366306 -1.006205 -0.208146
4.149261 -3.252256 -0.611213
0.805092 -2.016595 0.916998
-1.007649 0.14525 -2.057877
-1.902692 1.665841 2.472514
-0.665611 0.068132 -0.422504
2.001779 -0.514595 2.317546
-1.593145 0.146082 -1.540965
-0.317618 0.86801 -1.688645
1.1738 -0.75754 -0.113288
0.513885 0.44229 -1.567082
2.753012 -1.66405 -1.715017
-2.128061 3.025977 2.284815
0.605687 -0.691245 -0.673557
-0.889127 1.759743 1.400248
0.315891 -1.006502 -2.966517
-0.925231 -1.017322 0.470925
-0.318367 1.413134 -0.053165
2.985389 -1.56179 1.626186
-1.872324 0.073819 0.800694
0.843584 -0.815768 -0.570521
-2.614039 -2.562648 2.306661
-3.404669 3.348732 4.579693
-2.328143 -3.728129 2.220143
-0.276701 0.416602 -0.522969
0.178995 0.270507 1.838614
-1.464758 -0.499539 -1.777091
2.389824 0.569579 -3.210971
-3.08547 1.983034 2.816624
-0.855809 0.822147 0.307748
1.927132 -1.349136 1.80739
-1.129054 -0.865273 0.735975
-2.09922 -1.170899 -0.363493
7.921321 -5.174653 -5.791162
1.52363 -0.224985 0.197208
-1.576697 0.574636 -1.211003
-0.742361 -2.908497 -0.024864
3.219214 -0.872777 -0.357888
0.687092 -1.755655 0.80706
-0.001033 -0.415969 0.7065
-0.431727 -0.447865 -1.615356
-1.666322 -0.663259 3.632106
2.847912 -4.474019 2.7133
2.701292 -0.82231 0.01568
-0.505155 2.336403 -0.492499
-1.291103 2.844472 -2.053724
-5.38267 4.222468 3.22794
1.31997 -0.211672 -0.705326
6.69452 -6.638422 4.910947
-1.533642 -0.630879 2.310719
-0.355348 -0.275852 0.723138
-1.866942 2.803015 -2.999077
1.097363 0.429222 -1.624866
-3.468767 1.943658 -2.754327
2.775824 -2.865798 1.54416
-0.55123 1.812502 -0.155086
1.527028 -1.559382 2.933507
-0.44605 -0.055337 -0.465574
1.903379 2.228908 -3.220037
0.82033 0.029822 0.822568
1.202444 -0.976736 0.488762
-6.65135 5.894467 -5.500103
-1.423524 1.092153 -0.260455
-1.891807 0.469176 -0.074836
4.720458 -3.949093 4.885099
1.863077 -2.584684 -3.145617
2.174519 1.443392 -1.80163
0.54099 0.695748 1.548567
0.572048 0.472679 -1.526783
-2.853424 -1.840671 2.5022
-1.188116 -1.165269 -1.151589
-0.760476 0.373422 1.651958
0.734289 -1.176606 0.078968
2.63877 -2.75571 -2.76027
2.830175 -3.388958 2.524469
-1.915495 -2.255755 2.707393
-0.763601 0.323247 -0.975298
-0.162388 0.066152 -2.756652
1.66724 2.361688 -1.727308
-1.032818 1.242636 -2.539882
2.904088 2.260645 -2.067434
1.199123 -2.62565 -1.211958
2.358306 1.895517 -0.811955
3.103615 -2.934727 -2.708751
-1.288973 2.099224 3.6567
-2.214258 -2.344109 0.864442
-3.552262 2.193784 1.938327
-0.105969 0.710114 1.257337
-1.630789 -0.29462 1.111755
1.413133 1.875592 -0.136483
-0.206384 -2.357865 0.130534
2.849022 3.826029 -2.269755
-0.072317 0.06072 -2.148964
-1.598136 4.122526 0.561346
1.623218 -0.105231 -1.100853
-0.669034 1.857163 2.534088
1.095185 -3.678338 -3.675954
-0.608509 0.338828 -1.457687
0.369602 -0.677695 -0.507236
-0.716843 1.579601 -0.310381
-0.080906 0.375715 0.807681
-0.109486 2.388806 1.483124
-2.073131 -2.117022 1.160276
0.247157 1.334769 1.728722
-5.453059 -4.72385 6.434204
-1.10808 0.001939 0.29024
1.191793 0.575019 1.131534
-0.212648 -0.39451 -1.744083
-0.082399 1.745219 0.141194
1.77508 1.854309 -2.859743
2.504763 -1.811915 -1.505284
-0.476763 -0.741601 -1.189123
2.179036 0.21331 0.178351
2.499307 1.222145 -0.661
-4.546845 -0.603289 0.991536
-0.755637 -1.744045 -0.623613
-2.495702 -3.001723 4.051617
-1.390934 -1.40097 0.451119
2.193612 3.654978 2.470661
0.858467 1.645256 -2.761009
-1.318474 3.262175 -1.606587
4.340322 5.488752 -4.439279
-3.459141 -3.148291 3.220529
1.377821 -1.151517 0.536332
-2.54867 0.282187 -0.357139
0.22843 0.662241 -2.280207
4.361727 -5.702353 -6.707024
2.77154 2.293731 -3.995861
1.060003 0.614786 -1.549684
-1.532809 -2.111781 -0.521103
-0.474015 0.092936 1.188033
-0.882919 0.98054 -0.624568
0.708226 -0.875076 1.09663
0.658287 -2.068938 0.16668
1.312928 1.008223 -0.342922
-3.104923 7.379053 4.601914
0.080823 0.277939 0.132264
0.527905 2.50381 -1.175577
-0.294153 -0.529081 0.778425
0.40665 0.3764 -2.107278
-1.438462 -2.637664 2.621007
2.251852 2.010575 -4.064702
1.492361 1.784643 -0.064337
0.499403 1.612602 0.369304
-1.919699 -0.561711 -0.183152
-0.615833 -0.866059 -1.119208
0.829322 0.594911 1.940516
-3.424262 -3.578189 -2.831342
2.24533 1.471483 4.034439
0.525702 2.032434 -0.099676
1.140731 -1.009179 -0.877451
-1.192087 0.249413 -0.749261
1.599609 -1.969746 -0.256929
2.122432 -2.736866 1.448655
-0.247919 1.243989 0.354224
1.262445 0.221828 -0.26842
0.514268 -2.142872 -0.731251
-1.865165 -2.024121 -2.544364
1.957466 2.083998 1.263208
-0.701283 1.480781 -0.299455
-0.518927 -1.696291 1.667468
-1.354083 0.341293 0.092297
-3.542035 -2.736357 3.754359
1.948917 -1.70652 2.122798
-0.952405 -0.676153 -1.548085
0.636386 0.897887 -4.655243
1.998665 2.472154 2.240525
2.415029 3.925626 -3.071174
1.957202 -0.343844 -1.574183
0.342659 0.670476 0.280928
-3.435885 -2.837149 3.657922
-0.457368 -0.718332 -4.325446
1.195196 1.455135 2.395612
-0.992731 1.356871 -0.493918
0.536707 2.724697 -0.465384
2.288578 1.120296 -3.717955
1.924281 2.07056 1.490377
0.611838 1.62223 -0.314914
0.470615 0.069895 -3.57585
-2.738894 1.584284 0.845708
0.898892 -0.65273 0.433535
2.122754 -1.014817 0.856695
-1.400811 1.8321 -3.392261
-1.027607 -1.92364 0.369322
-0.926211 1.975806 -0.022851
1.485026 -1.49017 3.564461
-1.267355 0.707061 1.074864
-3.433771 1.158074 0.965452
1.462621 0.812861 0.964287
-1.727788 0.300064 0.668035
-0.033527 -0.46073 -0.978429
-0.025498 -0.447816 -2.718411
2.32373 0.850339 1.188046
1.941034 -0.972037 1.083096
5.256137 -5.703117 -6.361652
0.078722 1.615251 0.119825
-2.120573 2.002097 -0.643319
2.296319 1.377676 -1.40521
-6.555422 -6.887814 8.649609
1.171198 -2.140569 0.964786
0.005239 2.402972 -0.761399
-0.044879 0.021056 -0.223691
-0.798015 0.086954 0.076324
1.000149 -0.87834 0.861558
-1.018486 1.456672 0.119368
0.167484 -0.864969 0.016643
-1.911751 1.368221 -1.276606
0.95162 -1.747417 0.401359
0.495852 1.342266 1.146078
-0.593724 -0.680958 -1.108356
0.745054 0.372252 -0.672721
0.676135 0.651207 -0.882101
0.45932 -1.082413 -1.259303
-0.531656 0.451846 3.08283
-4.12907 -2.244493 2.056424
-5.235682 5.234943 6.243524
-0.675075 -0.970575 0.300803
2.77165 -1.78417 2.066961
0.052207 -0.860985 0.002004
3.017636 -2.153879 2.984567
1.214044 -2.382083 -0.754451
0.115659 3.259935 -0.118241
-1.588127 -1.867382 1.810514
5.303494 7.465909 -8.803478
1.606046 -2.550233 -1.251737
1.493023 -0.104356 0.570675
-3.813685 3.510582 -2.424809
1.719998 -0.474447 0.837074
-3.400174 3.227367 -4.879414
4.184095 4.55154 -3.129665
-2.591144 0.781496 -1.689062
2.665083 -3.98216 3.384662
0.071363 1.716503 0.240235
-2.222284 0.895074 0.920862
-0.840186 1.157896 -1.732077
2.753182 -8.312544 2.246796
3.638712 2.863257 4.0255
0.221693 -0.726333 -0.805746
0.652011 -2.406304 0.374948
2.576644 3.825424 -3.996646
5.33478 -6.108105 -4.799374
-2.073683 0.502273 1.464429
0.233288 1.459821 0.760403
-0.146529 -0.683827 -0.067489
-0.383746 1.033859 -2.010151
-1.591684 -0.353139 -2.477987
1.30808 2.698999 0.702025
3.055395 -1.080922 -0.518274
-2.696339 2.171343 -1.278958
-7.387684 5.426001 6.109222
-0.600128 1.457013 -1.692167
1.771646 1.251851 -1.530262
2.809588 -2.289237 -2.281358
-0.639688 0.228935 4.87375
1.612184 -1.240665 -2.209719
-0.044159 2.100978 0.149923
0.697194 -0.608876 -3.705689
1.924403 -1.664326 2.155087
-3.256628 2.872898 -2.647032
0.017797 -1.446727 -1.135443
-3.379138 -0.345188 1.152546
-1.214528 -1.730922 -1.44936
2.438858 0.783531 2.018922
-0.804646 -1.01176 2.100366
0.603079 -0.701039 -0.063627
1.809846 2.472907 -3.09563
3.054607 -2.319427 -1.51903
-5.77978 6.955694 5.273876
1.873552 -0.980153 -0.246938
-1.425695 -1.251056 0.745662
2.034346 -0.724618 0.794379
-1.966509 -0.651785 -0.298074
1.129113 -0.151673 0.187257
-1.709481 1.764598 0.739184
0.331041 -2.422786 -0.188835
-0.613413 -3.88906 -0.935866
2.424633 0.666324 -1.98702
-2.121323 2.217055 3.242367
-1.148354 -3.469834 2.027157
3.543324 -1.031971 1.067395
-1.798376 0.662843 -1.302596
-1.574396 1.011198 -0.515872
1.875402 -0.815372 -1.614292
-1.58946 -0.313691 -0.218416
-0.499712 1.840297 -0.232922
0.403058 0.745705 -1.295929
-0.240626 0.378253 0.346694
-1.225123 1.84678 2.905838
-3.551152 -1.491053 0.970355
5.360574 -5.816666 4.230819
2.553453 -0.637864 -0.856863
0.736365 1.141405 -0.157383
-1.732813 -4.056017 2.347919
2.171505 -2.0201 3.818381
-1.015338 0.492882 -0.66974
-2.656062 0.39491 -0.965165
0.987843 1.675762 0.763928
3.823978 3.157627 -2.383621
0.725222 -2.935059 -0.9311
-0.867414 1.535863 -0.196348
-1.286911 -1.530734 0.637622
2.198668 -2.531614 2.272047
-2.017727 1.148269 -7.611431
0.914769 3.535133 -0.310905
-1.310597 1.184811 -2.204976
-0.520521 -1.54015 1.096705
-2.315224 3.625856 4.736467
-1.11608 0.217688 -2.515285
-0.427724 0.268597 -0.915726
5.942044 -5.605395 -4.258102
-0.509914 -0.996915 1.866373
2.305015 0.672587 0.87346
-0.596399 0.085991 0.50474
0.529649 0.614097 -1.499757
-0.644846 -1.36936 -1.615633
0.257134 2.19884 1.265154
1.941026 -1.437767 0.078571
-0.748037 2.946639 -0.949461
-0.857551 0.60978 2.493426
-0.703579 0.897432 -1.006405
-1.775116 -0.433768 -0.841953
0.513147 0.190792 0.334342
2.988814 -1.334145 1.651215
-2.067576 -1.000768 0.311894
-0.034092 -3.965417 0.930771
0.524538 1.797132 3.317441
-0.173219 0.022277 0.860668
-4.384158 -2.424326 1.037015
2.724416 -0.289186 0.360382
-0.442817 1.180657 -0.563454
-0.494872 -3.147216 -0.719518
1.832334 0.433168 2.042556
0.515851 2.216638 -0.542737
-1.247061 0.057367 0.105682
-2.19245 0.760294 -1.982629
2.772105 2.699055 1.243378
0.301922 -1.079869 0.169124
0.425719 -0.300881 1.525929
-0.050097 -0.138165 -0.045462
-0.597426 1.713921 0.096595
-3.547736 -4.365452 -4.828118
6.186096 3.307417 2.576161
2.758182 1.14989 -2.467214
-2.490707 0.914293 0.233346
-0.116596 -0.098118 0.521863
-0.653462 -0.836487 0.32581
-0.203773 -0.036437 0.227572
0.320228 -1.108076 -1.520492
-1.339709 1.189036 1.756408
-0.891482 1.618338 -1.54545
-0.712142 -3.115529 -0.742505
2.387384 1.181673 0.900704
-1.311451 -1.029948 -2.058901
1.113161 0.553963 1.054951
-3.867887 -5.361602 -2.195922
2.740274 4.101701 3.477621
1.094345 1.663386 -3.462745
1.67414 0.497598 0.005849
1.908051 -0.806588 1.899203
-3.62519 3.620857 -4.298508
1.328014 0.598023 -0.386768
-0.245625 0.421294 -1.279459
0.992287 -1.87713 -1.03837
1.563996 2.732518 1.044618
-3.762388 -3.868742 -3.731766
3.059354 -0.387392 2.961418
-0.900792 -2.41609 -0.62636
-1.156367 0.455115 1.681966
-0.871072 -1.702292 -0.724785
0.790069 0.938686 1.642239
-0.572087 1.431639 2.484439
-0.344175 -4.981815 -0.008803
-2.459356 1.284078 2.562964
-0.24069 1.700635 -0.90057
-0.711729 0.817332 0.572103
-4.703298 -4.433797 4.899827
2.256395 2.114533 -3.101552
-1.511402 -0.5805 1.754916
1.727894 -2.263737 2.874936
-1.718074 1.306221 -2.406791
-0.174205 -1.606391 0.91063
-0.228536 -1.306683 0.714773
1.124293 -1.851726 1.756197
0.350043 -0.705591 -0.148453
1.687743 -0.491114 3.72969
0.387809 -1.411375 -2.32985
-1.099096 0.694949 -1.150345
1.848969 -0.241165 -1.163009
-0.213907 0.580279 1.970134
-4.367791 0.135497 -0.486691
2.466831 1.853819 -1.511058
-1.4729 -1.220226 0.21248
-0.933692 0.842357 1.263246
-1.311075 -1.466899 1.87296
-0.136471 2.995248 1.238844
-2.615685 2.250557 -2.461229
0.817243 1.010546 -5.333827
0.560318 5.440057 0.08824
3.091074 -3.589842 3.137409
-5.386203 4.223702 -7.431945
2.042573 -3.102999 2.125123
-2.765737 3.080399 -0.868578
0.0482 1.115176 -0.185032
1.457188 -0.286703 -0.277338
-3.72144 0.682612 0.995643
2.169125 1.634766 1.245557
-1.139564 -1.070439 -3.527848
2.553817 3.387044 1.987701
-3.945506 -2.998342 -3.043726
0.733152 4.55994 1.037639
-5.188706 4.353038 5.947324
2.335786 -1.139142 -1.847889
4.390103 -4.199327 4.599208
-4.417396 -3.234071 2.976798
1.919365 -0.443734 -0.037409
2.09319 -1.534088 -2.106655
-2.640175 1.869361 2.44054
2.103507 -3.204104 -3.454044
2.446431 2.451054 -3.610978
2.223384 -0.415312 -0.129844
-0.155757 0.663803 3.384819
1.312817 -1.547399 -2.394576
-2.731444 -2.38879 -1.082989
2.72904 3.482767 1.840643
-0.164489 0.463471 0.615033
2.607397 -6.818054 -2.282398
-4.924836 1.842785 1.793786
1.185164 2.56304 2.022769
1.874327 -2.296483 2.096413
-1.800848 1.384306 -0.599381
2.690434 -0.870929 1.125202
-1.788857 -0.849896 -0.25103
-0.061237 0.006474 2.503615
-0.866022 -1.550808 0.383232
-3.627041 -1.912969 -2.538387
4.214189 2.633568 3.503504
-1.995594 -2.415572 -2.42242
1.280029 3.344084 1.323207
0.32532 -2.421496 0.57407
0.127186 0.999037 0.447517
-1.371089 -1.899428 0.060331
2.243269 1.945876 1.886624
0.394566 -0.322455 0.920386
0.16272 -2.444307 0.158152
-1.294043 1.542187 3.57537
-2.229666 0.056186 -0.687406
-1.833608 -2.880878 -3.598302
2.344659 2.970037 4.116804
0.446613 -1.733591 1.153703
1.448073 -0.843963 -1.175527
-4.248362 -3.203477 -4.084836
3.661939 4.447414 3.029041
-0.278329 0.210287 -2.729245
1.370782 1.175438 0.904328
0.089541 -1.251919 -0.161521
0.224979 0.601552 0.762089
-0.828251 0.079853 -1.844103
1.179575 1.466698 1.796543
0.858796 0.078818 1.699608
-3.280386 -3.865783 2.611887
1.889331 2.604149 -4.392031
-3.447807 4.335326 -2.651104
0.983705 -1.487015 -0.322125
2.242846 -0.288456 -1.707937
-1.172302 -6.051963 0.950483
3.221688 2.05122 4.481829
0.501897 -0.124351 -1.563924
1.356608 -2.917206 -1.318098
1.922281 -1.564542 2.576356
-0.374762 0.432145 -1.119527
3.289995 2.297961 -2.031731
1.396946 -2.10245 -3.185034
0.092332 -0.838887 -2.045215
0.481758 -0.070842 0.99403
-0.702461 -0.091686 2.085641
0.586308 -0.170066 -1.163054
-0.608775 1.716667 -3.327169
3.292932 1.937411 2.557963
-4.017101 -2.929569 -4.146821
4.536779 3.121036 2.621955
-1.126578 0.61227 0.737582
-0.875045 0.044468 -0.846114
0.106334 1.664744 0.05505
-0.423675 -1.354973 -1.461189
3.116926 -2.070441 1.448867
4.332613 -3.509176 -3.868558
-3.156825 4.661241 3.702009
-0.615873 -1.59069 0.206233
-3.121926 1.195364 1.093827
0.008643 1.876297 -0.064302
-2.543883 -1.494933 -1.240806
2.191409 2.217395 2.23431
-0.092606 0.680852 2.82758
-3.835344 -2.458205 1.512719
1.882463 1.647511 -2.742392
0.845173 1.209605 0.456884
2.402321 -0.903324 0.653082
-1.271921 -0.23335 -1.181789
3.235139 3.070125 -3.67498
-0.255102 -1.644613 -2.54212
-2.608954 -2.497126 -1.535189
0.493773 0.649162 2.401838
0.584445 1.159969 -2.229729
-2.086675 1.953623 -1.250889
-0.79864 1.016228 1.907387
-1.844001 -0.507396 0.387276
3.155784 -2.032381 2.138618
0.774496 1.355943 -0.103472
-2.260054 -0.366112 -0.05195
-0.924537 -2.531489 3.632732
-5.816918 -4.265013 -4.521033
4.019249 5.195822 5.022819
-1.195531 -0.996348 -1.951774
2.692143 1.530177 0.85439
5.879685 0.929426 -0.984447
-0.549612 0.546131 0.067552
-2.848429 -2.249853 -2.834367
2.447098 2.579324 2.853254
0.032744 -1.90395 0.341734
-2.600315 4.161632 -3.132245
-3.262863 1.384317 1.671721
0.506047 0.587733 -0.273319
-2.85962 3.64204 -2.998578
-2.129277 -1.988125 -0.881679
-1.268802 2.879693 0.198424
-0.466254 -0.173888 -0.00807
0.108507 0.638958 0.447026
2.603122 -2.151044 2.276103
1.149435 -2.398684 -0.682628
1.711231 0.933593 -0.98337
-0.004527 -1.177198 -0.229806
1.223173 1.885593 -1.79614
-0.506907 -0.631937 -0.223585
2.10271 2.361403 -1.242678
1.540958 -1.300183 -1.986425
0.159652 -1.759474 -0.88368
-0.298794 -3.090584 0.129916
-1.61447 2.032332 1.861911
-0.809841 -3.455109 0.322948
-0.035877 -0.827239 -1.401447
-0.221638 -0.626302 2.43498
-0.00138 -0.523736 -1.840318
1.878806 -1.176059 -0.790529
-0.279253 0.085531 0.511295
-1.338517 0.699917 -0.971648
-1.129721 2.554849 1.065348
-3.558679 -3.09803 4.600306
0.614608 -1.751425 -0.284628
2.551084 -1.150087 -1.870028
-0.941961 2.163152 2.719299
-0.093319 -0.230144 -1.978094
-0.588508 -1.664711 0.476219
-4.158551 2.78313 -2.311667
-2.34682 -0.585074 -1.393667
0.718941 2.648624 1.324213
2.137681 1.23239 -1.151221
0.828678 0.087134 -0.429551
-1.672539 -1.082907 -0.202184
-3.136869 -3.654385 5.447383
3.552913 2.751282 -2.743563
-3.203614 0.890371 -0.992226
-0.37135 -1.103229 0.385518
-0.451778 1.238171 0.605063
3.376968 3.865598 -2.15402
-0.667834 -3.635259 -0.130808
-0.219391 0.296585 2.7856
0.372615 -0.261988 1.130283
-3.007685 -2.067147 -1.246269
2.816158 2.228791 2.741591
2.725827 2.346278 -2.518197
-1.123904 0.99546 -2.648499
0.630513 -1.198214 -0.689808
0.598 0.595805 1.284
-1.022517 -1.555118 -1.707584
1.070186 0.538326 3.791988
-3.791509 -4.607494 -3.626929
3.211762 3.27805 3.883077
0.052596 0.994521 0.407239
-2.452697 0.255591 -0.743051
-2.944262 -2.247794 -2.087108
1.541856 0.922639 3.270769
-2.140935 -0.82512 -0.380087
4.313275 -2.997687 -2.000025
3.085144 2.290396 -5.528404
2.271974 1.484486 0.610548
0.935247 1.07333 -2.538978
-4.848928 -1.68008 2.390764
-0.450121 0.219898 -2.149662
2.306195 0.199703 -0.330612
2.408936 -2.572875 4.019686
3.038601 -3.275549 -3.388917
-0.104598 1.317968 0.403146
-2.231833 0.228427 -1.650022
-2.541553 -0.330313 0.700453
0.601343 0.379634 0.3625
-3.632485 2.335506 3.725672
-0.023758 -1.159031 0.149333
0.309315 2.337306 0.090547
-1.286667 1.821703 -2.660132
2.467299 0.864183 -0.910908
-0.22122 0.085817 0.522451
0.738172 1.711502 0.8896
-0.567835 1.137881 -1.251805
-2.125124 -1.778314 -1.436264
-1.718955 2.440754 -1.200269
2.629136 2.8231 -2.160513
-1.881225 -4.044319 2.181065
3.343748 -2.747788 2.457806
-2.862706 1.490476 -0.913705
2.746906 -0.762301 1.540923
-1.451457 1.252044 -1.117441
-2.832304 3.740991 3.838938
-2.646722 -0.954447 -0.002536
-0.692574 -0.361292 -0.076032
0.139534 1.447628 -0.229546
0.83655 -1.281475 0.919182
-1.064002 -3.544951 2.242447
1.568271 1.622719 -2.360996
0.086362 -0.367728 -0.417203
0.099008 -0.064794 0.420981
-0.429335 -0.528236 0.047338
1.511125 0.083798 -0.582431
-1.141222 -1.077352 2.100889
5.532468 -4.669628 4.589832
-1.649597 -0.737904 1.594257
-2.560905 -2.456135 -3.412202
1.661604 1.295414 2.161562
-2.202709 -0.496744 -3.478913
1.72359 3.557841 2.504672
0.458611 -1.153489 0.110737
-0.135444 0.469084 1.581861
3.807261 3.686779 -3.334437
0.072945 -3.302722 -0.722216
-0.095839 -1.032164 0.003765
-0.849623 0.424685 0.166128
-3.253773 -1.888138 -3.085758
2.30809 4.162783 2.668677
1.545994 -2.687 0.842309
-0.296661 -2.161195 -0.531193
-1.861965 2.06436 0.848932
-6.46771 -6.079929 5.255286
-0.604311 -1.277907 0.068793
1.64908 -0.341683 0.66523
1.934696 1.948878 -2.636502
-0.085222 0.780032 0.790487
-0.229214 0.064286 -0.247498
2.84547 -2.022578 -1.418233
-5.332039 -1.039655 -1.402108
2.386275 2.942226 4.372799
0.158398 0.568079 -3.059245
0.442373 -1.095328 1.293575
-1.181981 0.57768 0.238142
0.863866 -1.425302 -0.68283
1.683397 -0.98041 1.79715
-0.525186 -0.380506 0.597577
1.444719 -1.908658 1.106288
-3.887906 -2.155339 4.501287
-1.222949 -1.883707 -3.376962
3.383254 1.998353 2.543598
-1.442649 -0.474896 -0.96114
8.259367 -3.968371 -5.888005
-0.53413 1.47736 2.475179
3.359269 -3.029556 -3.03831
-2.651715 2.919318 2.210973
1.680943 -1.933421 -1.088663
6.546958 4.947897 -5.547593
-0.414597 1.033691 -0.00817
-0.243914 -0.153837 -0.227096
0.172689 -1.792603 0.528745
-2.805154 0.992715 0.96867
-1.42148 -1.32395 1.63878
3.460124 2.147506 -2.241539
-1.02562 0.731283 -0.394019
-0.248436 1.642135 0.35169
0.656052 -0.425016 0.71125
0.964783 -0.542549 -1.8554
1.444689 1.986061 1.213423
1.160835 0.072349 -1.611454
-0.114085 1.435618 -0.335699
2.519891 0.774463 -1.329714
-2.372966 3.48219 -1.953497
-2.79094 7.997691 3.389357
0.255412 -1.412251 -0.99573
-0.626339 -2.698422 -0.606614
-1.110963 -0.455886 3.249624
2.924957 -0.292421 -0.271379
-1.382078 0.859644 -0.916031
1.003024 2.14675 -1.227254
-0.758711 0.863373 -0.794676
-0.958773 -1.604958 0.100752
-0.81554 2.504339 0.390769
1.835597 -0.87748 2.967094
0.451662 -1.761226 0.194156
-0.672776 0.44127 0.395092
0.5787 -2.181882 -0.402469
0.885806 2.171872 0.737201
3.156121 -3.897157 -3.785416
-0.974277 -0.625425 -0.269991
0.999232 -0.143735 -0.610186
0.210706 1.363584 0.036295
0.869618 -0.356117 -1.273653
0.642039 1.470092 -1.428616
-2.446584 0.54341 0.012208
-1.64372 -1.28625 -0.676239
0.861384 2.733709 0.903886
2.28025 -1.937951 2.597398
-0.373272 -3.633677 -0.95428
1.372615 3.546582 -1.596939
-1.175299 0.764424 0.310873
-1.300611 -1.21075 -0.843953
2.123366 -0.257777 0.134522
-0.35095 0.948097 1.277518
-0.504317 -1.341247 0.150541
-1.986319 -1.63209 -2.528462
-0.923367 -0.975701 4.832174
-1.675599 1.926595 3.07437
-1.26113 -0.624061 -0.775297
0.662412 -1.205036 0.453602
-1.932821 2.819038 -0.46262
0.020145 -0.854781 -3.463453
3.036061 1.184742 1.223362
0.6165 -1.946974 2.973344
0.346425 1.292714 -1.441878
-0.028532 -0.850235 0.021177
1.251533 -0.983616 -0.680417
-3.923563 1.464854 1.864238
0.464922 2.101939 -0.186818
-0.845465 0.253773 0.594055
-1.108406 0.281889 -1.610956
2.111725 -1.417223 1.50689
0.089756 -1.48014 -5.202617
-1.5556 -0.827974 -0.804151
-0.79983 -0.041917 0.641206
-0.684094 -0.144714 -1.2154
-0.699937 -1.368833 0.722518
-1.052355 -0.970973 -1.686129
-0.196241 2.253997 0.339055
-1.170152 -0.964536 -1.654885
2.965561 2.519574 2.044324
-0.102958 2.611625 -0.371158
2.635272 -1.427535 1.682151
-2.133337 -3.035141 0.414098
-1.923105 0.51561 1.144198
1.703416 -0.561689 -1.451556
-1.915356 -1.260177 0.019899
1.078872 -0.039133 2.483013
2.176733 2.234229 -3.251945
-1.951709 -0.65021 1.370348
-1.471386 1.588159 0.566808
-3.003763 -3.364978 2.47813
-1.176345 -0.993752 -0.774994
1.865133 0.857426 0.876627
0.073024 0.723602 0.320401
1.347443 -2.553672 -3.132243
2.956913 3.209422 -2.808741
0.181841 -0.221233 -0.646579
1.161359 0.140847 -1.562559
0.949078 -0.535689 0.82754
-1.23328 0.369671 -2.266575
1.423117 0.995496 2.096578
-1.315212 -1.235466 -1.522917
-0.065951 -0.390586 3.360148
-3.228807 3.811225 3.255607
-2.395993 -2.80729 1.301235
0.848327 3.124066 -0.111148
-0.253287 -0.112733 -2.746824
-0.943227 1.190831 1.5057
-2.135122 1.007023 -0.709264
0.361534 -2.614261 0.891549
-1.012023 0.681863 0.054196
0.55848 -1.689462 1.809702
-3.196451 3.457284 -6.868616
-4.392019 3.517922 4.297565
-0.477392 -0.007896 0.813014
0.596502 0.731229 -2.809923
-0.136824 1.298844 -0.008377
2.022229 -0.241443 -1.44992
-3.765467 -1.242197 1.315667
2.140506 -0.476098 1.480228
-0.587055 -0.109282 -0.838338
2.522231 1.342204 -2.438259
1.524669 0.06172 -0.342835
3.395644 3.182667 -1.351486
-0.768675 -1.904829 -1.706431
-2.814395 0.175514 -0.043136
0.433369 0.833852 0.347356
1.007777 -1.057035 1.61533
-1.239234 -0.049365 1.332255
-2.374745 1.877319 2.265585
0.188003 -1.780766 -1.33027
-1.176101 0.74414 2.404127
4.928853 -4.349763 -5.890708
-0.367263 2.023397 0.995226
-0.319592 0.283063 -1.587817
-2.204917 -2.862587 -3.667515
3.82725 3.480729 3.606101
1.460991 -1.837183 0.553232
0.293222 0.434383 -3.997216
-1.312085 1.216085 2.461793
0.450212 -2.782546 -1.295508
2.38108 -1.798467 1.468017
-1.279522 1.494739 -1.140033
-0.396197 0.221323 1.641578
-3.5475 -0.129352 -0.165037
0.134947 -0.231093 -0.741663
0.770735 0.744943 1.593094
-0.415135 -2.189293 -0.387691
1.391594 -1.436928 0.589686
-0.646157 -0.728616 -3.958674
1.51858 2.205884 2.275745
-0.269372 -2.122958 -0.370618
-0.212356 0.049457 1.978652
-1.408622 1.804478 0.593362
-2.83131 -2.084961 2.404344
1.880205 0.788567 -0.52673
4.191413 -3.643276 -4.792999
-1.283206 -2.272255 -1.72602
-1.236252 -1.125501 3.135631
0.336408 1.46774 -2.684317
-0.883787 1.241897 1.074171
-4.0069 6.293299 3.682561
-0.816205 -0.558571 1.092495
1.794271 1.016895 -1.556581
-2.256777 -1.529752 1.17844
1.230932 0.89818 -2.50244
-2.506632 -0.514372 1.625805
-0.548464 -0.020433 -0.315567
-0.654314 1.418381 0.697971
-0.809496 0.817412 4.411225
4.606365 -4.819415 -3.674287
-4.461067 4.832564 2.717784
2.229902 -1.152917 -0.922219
-0.719812 -0.239067 -1.790211
0.94138 -0.181794 2.49241
-0.424418 -0.562891 -3.146366
3.054101 0.847082 1.150149
0.620976 1.376321 1.391768
-1.255099 -0.264421 3.421206
