-0.77683452 -0.50423696 -0.23182174
0.77683452 0.50423696 0.23182174
0.12161134 -0.39918213 0.03422595
-0.12161134 0.39918213 -0.03422595
0.13222432 0.47163591 -0.7466435
-0.13222432 -0.47163591 0.7466435
-0.08218052 0.15184336 0.19264897
0.08218052 -0.15184336 -0.19264897
0.81824939 0.19942167 0.85044379
-0.81824939 -0.19942167 -0.85044379
0.96447765 0.06945163 -0.75363828
-0.96447765 -0.06945163 0.75363828
-0.34124025 -0.44902847 0.40292634
0.34124025 0.44902847 -0.40292634
-0.42923227 0.03823922 -0.25465986
0.42923227 -0.03823922 0.25465986
-0.26463149 -0.11170415 -0.4606982
0.26463149 0.11170415 0.4606982
-0.01543685 0.32065425 0.376403
0.01543685 -0.32065425 -0.376403
0.20470421 -0.39890926 0.17492995
-0.20470421 0.39890926 -0.17492995
-0.45792081 -0.34063939 0.37000629
0.45792081 0.34063939 -0.37000629
-0.60479164 -0.21222293 0.08153119
0.60479164 0.21222293 -0.08153119
-0.10759739 0.03081517 -0.11629149
0.10759739 -0.03081517 0.11629149
0.4880923 -0.05450124 -0.34792727
-0.4880923 0.05450124 0.34792727
-0.07917884 -0.13203831 0.38692569
0.07917884 0.13203831 -0.38692569
-0.18943739 -0.67564772 -0.34617253
0.18943739 0.67564772 0.34617253
0.24323477 -0.18521301 -0.15217271
-0.24323477 0.18521301 0.15217271
0.060377 -0.05381337 0.07918278
-0.060377 0.05381337 -0.07918278
-0.05085363 0.57350078 -0.16845619
0.05085363 -0.57350078 0.16845619
1.84212545 1.92756204 1.50611776
-1.84212545 -1.92756204 -1.50611776
-0.55119161 0.12495461 -0.3270691
0.55119161 -0.12495461 0.3270691
-0.28671258 0.45816458 1.15938182
0.28671258 -0.45816458 -1.15938182
0.8714623 -0.8064424 -1.07312024
-0.8714623 0.8064424 1.07312024
0.82491776 0.6237002 0.26860545
-0.82491776 -0.6237002 -0.26860545
-0.27503288 -0.60867577 -0.27204853
0.27503288 0.60867577 0.27204853
-0.69702567 1.22204911 0.1145024
0.69702567 -1.22204911 -0.1145024
0.55228952 -0.24161844 -0.61250508
-0.55228952 0.24161844 0.61250508
-0.56523348 -0.30988377 -0.32893382
0.56523348 0.30988377 0.32893382
0.27741491 -0.2800445 -0.03226901
-0.27741491 0.2800445 0.03226901
0.41606477 -0.00475437 -0.08505547
-0.41606477 0.00475437 0.08505547
-0.3456257 -0.12983389 0.2300658
0.3456257 0.12983389 -0.2300658
0.85912051 0.98337489 1.08052951
-0.85912051 -0.98337489 -1.08052951
-0.61137707 0.31735356 -0.42290522
0.61137707 -0.31735356 0.42290522
-0.13112323 -0.12121017 0.19563757
0.13112323 0.12121017 -0.19563757
0.72406451 -0.18181712 -0.02062179
-0.72406451 0.18181712 0.02062179
0.02942488 0.79309377 0.05852382
-0.02942488 -0.79309377 -0.05852382
-0.42914156 -0.19472592 0.25072986
0.42914156 0.19472592 -0.25072986
0.24642518 0.22180385 0.10311733
-0.24642518 -0.22180385 -0.10311733
0.02697716 -0.75001998 0.23376611
-0.02697716 0.75001998 -0.23376611
0.43874275 0.68037267 0.42583498
-0.43874275 -0.68037267 -0.42583498
-2.16573327 0.15943471 -0.72457923
2.16573327 -0.15943471 0.72457923
-0.90664441 0.80762731 -1.01263111
0.90664441 -0.80762731 1.01263111
2.01618916 0.10633951 1.24884658
-2.01618916 -0.10633951 -1.24884658
-0.26954178 -0.0966629 0.07389061
0.26954178 0.0966629 -0.07389061
0.20449943 -0.2681268 -0.27996011
-0.20449943 0.2681268 0.27996011
0.32212684 -0.00590669 0.16314691
-0.32212684 0.00590669 -0.16314691
0.06952982 0.06102256 -0.15155932
-0.06952982 -0.06102256 0.15155932
1.34930523 1.73859235 1.96252233
-1.34930523 -1.73859235 -1.96252233
-0.21149487 0.27080086 -0.87238077
0.21149487 -0.27080086 0.87238077
0.00618186 -0.23892667 0.69713667
-0.00618186 0.23892667 -0.69713667
0.68995829 -0.55766547 -0.35599924
-0.68995829 0.55766547 0.35599924
0.0734084 0.61633492 -0.2376808
-0.0734084 -0.61633492 0.2376808
0.28665405 -0.29317571 0.36298006
-0.28665405 0.29317571 -0.36298006
-0.06578129 0.16396126 0.18683946
0.06578129 -0.16396126 -0.18683946
-0.52983599 -0.81208965 0.13718132
0.52983599 0.81208965 -0.13718132
0.46941361 0.61897244 -0.09889373
-0.46941361 -0.61897244 0.09889373
-0.81847191 -0.18609763 0.36980278
0.81847191 0.18609763 -0.36980278
-0.74327875 0.8593938 -0.33738735
0.74327875 -0.8593938 0.33738735
0.81235245 -0.02619278 -0.21841765
-0.81235245 0.02619278 0.21841765
-0.26167267 -0.31419031 -0.10872348
0.26167267 0.31419031 0.10872348
0.39944314 -0.10179765 -0.27522794
-0.39944314 0.10179765 0.27522794
0.28656728 -0.31222847 0.21595029
-0.28656728 0.31222847 -0.21595029
-0.24819953 0.10776079 0.01009518
0.24819953 -0.10776079 -0.01009518
0.08012745 -0.21938921 0.36391016
-0.08012745 0.21938921 -0.36391016
0.07016365 -0.00485997 -0.4639792
-0.07016365 0.00485997 0.4639792
0.10657613 -0.23664937 -0.07734835
-0.10657613 0.23664937 0.07734835
0.18175572 0.46412461 0.01691392
-0.18175572 -0.46412461 -0.01691392
0.64502204 0.63495173 0.57825686
-0.64502204 -0.63495173 -0.57825686
1.19451215 1.05308223 0.01880223
-1.19451215 -1.05308223 -0.01880223
-0.59127852 -1.25369205 0.56679422
0.59127852 1.25369205 -0.56679422
-1.0151261 -0.96731274 0.23905118
1.0151261 0.96731274 -0.23905118
-0.24789226 0.42485473 0.41815913
0.24789226 -0.42485473 -0.41815913
-0.18904246 0.10479774 -0.11561251
0.18904246 -0.10479774 0.11561251
0.48340826 -0.19357315 -0.12829043
-0.48340826 0.19357315 0.12829043
-0.0880801 -0.56764389 0.4542494
0.0880801 0.56764389 -0.4542494
0.46493392 0.39277633 0.33192102
-0.46493392 -0.39277633 -0.33192102
0.66160172 -0.0432344 -0.17348975
-0.66160172 0.0432344 0.17348975
-0.17970038 -0.13767546 0.57671795
0.17970038 0.13767546 -0.57671795
-0.43545714 -0.44800426 -0.35146338
0.43545714 0.44800426 0.35146338
-0.19015222 -0.29270874 -0.27116335
0.19015222 0.29270874 0.27116335
0.36664535 -0.33397294 -0.19018519
-0.36664535 0.33397294 0.19018519
0.17434223 -0.00196346 0.39133378
-0.17434223 0.00196346 -0.39133378
-0.05324296 0.19043316 -0.35398361
0.05324296 -0.19043316 0.35398361
-0.38349231 -0.46407618 -0.13337888
0.38349231 0.46407618 0.13337888
0.79806857 -0.67246472 -0.66307682
-0.79806857 0.67246472 0.66307682
0.41550391 -0.01613468 0.22022376
-0.41550391 0.01613468 -0.22022376
-0.3845955 0.18017647 -0.1028655
0.3845955 -0.18017647 0.1028655
-0.04146609 0.18528011 -0.66993003
0.04146609 -0.18528011 0.66993003
0.093606 -0.01199823 0.70204166
-0.093606 0.01199823 -0.70204166
-0.2119278 -0.01947627 -0.06626242
0.2119278 0.01947627 0.06626242
-0.50531746 -0.38637246 0.30220677
0.50531746 0.38637246 -0.30220677
0.54917576 -0.59643087 -0.06796448
-0.54917576 0.59643087 0.06796448
0.04630183 -0.239934 -0.23952243
-0.04630183 0.239934 0.23952243
-0.99960607 0.80751523 -1.05800827
0.99960607 -0.80751523 1.05800827
-0.24027852 0.65221318 0.48272884
0.24027852 -0.65221318 -0.48272884
0.15120707 -0.7020091 0.00873031
-0.15120707 0.7020091 -0.00873031
0.81414415 -0.69367027 -0.74507496
-0.81414415 0.69367027 0.74507496
0.03078611 0.15489096 0.31780925
-0.03078611 -0.15489096 -0.31780925
-0.28064278 0.67614696 -0.54178202
0.28064278 -0.67614696 0.54178202
-0.0483457 0.06819469 -0.75120021
0.0483457 -0.06819469 0.75120021
0.28071058 -0.75647455 0.40274579
-0.28071058 0.75647455 -0.40274579
-0.45333618 0.74273203 -0.02460391
0.45333618 -0.74273203 0.02460391
-0.02745085 -0.0120086 -0.40916263
0.02745085 0.0120086 0.40916263
0.04773135 -0.03076549 0.10895674
-0.04773135 0.03076549 -0.10895674
0.25638374 0.60070848 0.03444339
-0.25638374 -0.60070848 -0.03444339
0.0064373 -0.75165197 0.20676634
-0.0064373 0.75165197 -0.20676634
-0.21117781 -0.05062212 0.12328934
0.21117781 0.05062212 -0.12328934
-0.66893612 -0.72760678 0.09815628
0.66893612 0.72760678 -0.09815628
0.51016613 -0.22005553 -0.44670679
-0.51016613 0.22005553 0.44670679
0.61561683 -0.11964664 -0.4952368
-0.61561683 0.11964664 0.4952368
-0.69355331 0.04022759 0.55024259
0.69355331 -0.04022759 -0.55024259
0.30443754 0.30818238 0.3429435
-0.30443754 -0.30818238 -0.3429435
-0.41206096 0.60280264 0.04277814
0.41206096 -0.60280264 -0.04277814
-0.29214255 -0.27743207 -0.25842492
0.29214255 0.27743207 0.25842492
0.21647234 -0.13232631 0.40188981
-0.21647234 0.13232631 -0.40188981
0.47704188 0.20995207 0.66003027
-0.47704188 -0.20995207 -0.66003027
1.02017225 1.05494111 -0.3698165
-1.02017225 -1.05494111 0.3698165
-0.41329357 -1.37352224 0.26943983
0.41329357 1.37352224 -0.26943983
-0.57362454 -0.22527356 0.25369742
0.57362454 0.22527356 -0.25369742
0.65693671 0.65198554 0.74206184
-0.65693671 -0.65198554 -0.74206184
-0.1059452 -0.68172733 -0.87669564
0.1059452 0.68172733 0.87669564
-0.09371851 0.81439266 0.44171312
0.09371851 -0.81439266 -0.44171312
0.62905669 -0.29033336 -0.61239945
-0.62905669 0.29033336 0.61239945
0.08625637 0.27777725 -0.51798843
-0.08625637 -0.27777725 0.51798843
0.12442716 -0.13738437 0.55835382
-0.12442716 0.13738437 -0.55835382
-0.13594619 0.093554 0.24164988
0.13594619 -0.093554 -0.24164988
-0.32633929 -0.30806202 -0.0853642
0.32633929 0.30806202 0.0853642
0.22184717 -0.11550636 -0.03787687
-0.22184717 0.11550636 0.03787687
0.02798413 0.75268578 0.30851628
-0.02798413 -0.75268578 -0.30851628
-0.50567579 -0.42512808 -0.29707029
0.50567579 0.42512808 0.29707029
-0.21297152 0.0365656 0.30714309
0.21297152 -0.0365656 -0.30714309
-0.10146969 -0.61103315 -0.27703423
0.10146969 0.61103315 0.27703423
0.9458457 -0.792288 -0.66430474
-0.9458457 0.792288 0.66430474
0.17479238 0.04689138 0.2584874
-0.17479238 -0.04689138 -0.2584874
-0.63765757 0.29206634 -0.08784624
0.63765757 -0.29206634 0.08784624
0.79569147 0.41843982 0.36823933
-0.79569147 -0.41843982 -0.36823933
0.1175729 0.18879293 0.10777194
-0.1175729 -0.18879293 -0.10777194
-0.27309375 0.02283716 0.64415891
0.27309375 -0.02283716 -0.64415891
0.04959298 -0.07056751 -0.77261938
-0.04959298 0.07056751 0.77261938
-0.05515915 -0.78159274 -0.05986352
0.05515915 0.78159274 0.05986352
0.48239167 -0.27714206 -0.438267
-0.48239167 0.27714206 0.438267
0.07835505 -0.10405651 -0.04043786
-0.07835505 0.10405651 0.04043786
-0.33412114 0.66229607 -0.04082539
0.33412114 -0.66229607 0.04082539
0.55603025 0.88200637 1.03290627
-0.55603025 -0.88200637 -1.03290627
-0.38523208 0.94405292 -0.28517916
0.38523208 -0.94405292 0.28517916
-0.10424096 -0.80552459 -0.12043092
0.10424096 0.80552459 0.12043092
0.15933287 -0.49981293 0.73094581
-0.15933287 0.49981293 -0.73094581
-0.0174863 0.12893785 0.04060223
0.0174863 -0.12893785 -0.04060223
-0.69809926 -0.00277508 -0.09655808
0.69809926 0.00277508 0.09655808
-0.08499738 0.27657965 -0.16317499
0.08499738 -0.27657965 0.16317499
0.75333932 0.12681341 0.05418244
-0.75333932 -0.12681341 -0.05418244
0.9047981 0.78092869 0.73811359
-0.9047981 -0.78092869 -0.73811359
-0.17742299 0.40304808 -0.02473712
0.17742299 -0.40304808 0.02473712
-0.23075191 -0.24287178 0.45377218
0.23075191 0.24287178 -0.45377218
0.29443948 -0.15625345 -0.39929034
-0.29443948 0.15625345 0.39929034
1.10405828 1.28233865 1.67071146
-1.10405828 -1.28233865 -1.67071146
0.66708282 2.11993378 -0.10279107
-0.66708282 -2.11993378 0.10279107
-0.51705777 -2.19387603 0.40313503
0.51705777 2.19387603 -0.40313503
-0.5273255 -0.82871928 0.58463291
0.5273255 0.82871928 -0.58463291
