0.41597414 0.39002893 0.09391688
-0.41597414 -0.39002893 -0.09391688
-0.11116623 -0.12573358 -0.09980982
0.11116623 0.12573358 0.09980982
0.52434141 -0.47115663 0.08538638
-0.52434141 0.47115663 -0.08538638
0.02657165 0.43153106 0.56555085
-0.02657165 -0.43153106 -0.56555085
-1.88676558 2.16686867 1.85155252
1.88676558 -2.16686867 -1.85155252
-0.24052829 -0.40079037 -0.26280724
0.24052829 0.40079037 0.26280724
-0.09192666 -0.04013801 -0.0485355
0.09192666 0.04013801 0.0485355
0.09511226 0.0169341 -0.00998339
-0.09511226 -0.0169341 0.00998339
-0.00202875 -0.00177911 0.00460833
0.00202875 0.00177911 -0.00460833
0.73586668 -0.93963645 0.46353123
-0.73586668 0.93963645 -0.46353123
2.10473982 0.89951136 -0.6206018
-2.10473982 -0.89951136 0.6206018
1.96283486 -0.72166193 3.67850112
-1.96283486 0.72166193 -3.67850112
-0.06219476 -0.02422659 -0.16764891
0.06219476 0.02422659 0.16764891
0.004721 -0.02001665 -0.47708225
-0.004721 0.02001665 0.47708225
-0.09053439 0.02517334 -0.1504836
0.09053439 -0.02517334 0.1504836
-0.26016228 -0.26663394 -0.28388265
0.26016228 0.26663394 0.28388265
0.15156538 -0.57081291 0.35286628
-0.15156538 0.57081291 -0.35286628
0.01532177 0.07961078 0.84813509
-0.01532177 -0.07961078 -0.84813509
1.1215458 -1.17246053 1.87671033
-1.1215458 1.17246053 -1.87671033
-0.00532896 -0.06925736 -0.0257846
0.00532896 0.06925736 0.0257846
0.22135227 0.34204506 -0.38520021
-0.22135227 -0.34204506 0.38520021
-0.184953 0.00413581 -0.14639188
0.184953 -0.00413581 0.14639188
0.95867847 -0.01467696 0.31821127
-0.95867847 0.01467696 -0.31821127
-0.07383074 -0.00362696 -0.05821679
0.07383074 0.00362696 0.05821679
-0.26529376 -0.05238979 -0.17092022
0.26529376 0.05238979 0.17092022
-0.01150069 -0.29636623 0.24504283
0.01150069 0.29636623 -0.24504283
0.42569916 0.21337988 0.15119421
-0.42569916 -0.21337988 -0.15119421
-0.02947211 -0.00295742 -0.02684091
0.02947211 0.00295742 0.02684091
2.48697259 2.79783046 -1.82482163
-2.48697259 -2.79783046 1.82482163
4.23240738 1.92517782 -1.28862883
-4.23240738 -1.92517782 1.28862883
-0.26922188 0.57790241 0.00671122
0.26922188 -0.57790241 -0.00671122
0.22188891 0.17784078 -0.20773397
-0.22188891 -0.17784078 0.20773397
-0.10235298 -0.06993981 -0.24436299
0.10235298 0.06993981 0.24436299
0.02281408 -0.03666689 0.06966358
-0.02281408 0.03666689 -0.06966358
0.028325 -0.07530472 -0.18604412
-0.028325 0.07530472 0.18604412
1.43697918 0.55754556 -0.50160686
-1.43697918 -0.55754556 0.50160686
-0.05181287 -0.02308449 -0.00780996
0.05181287 0.02308449 0.00780996
1.89334593 2.96545969 -0.9234054
-1.89334593 -2.96545969 0.9234054
0.09684143 0.23509746 -0.01432267
-0.09684143 -0.23509746 0.01432267
-0.50496694 -0.13552908 -0.37132477
0.50496694 0.13552908 0.37132477
0.00629903 -0.0029965 0.00165797
-0.00629903 0.0029965 -0.00165797
-0.22804753 0.12783207 -0.21970295
0.22804753 -0.12783207 0.21970295
-0.22853481 -0.46891855 -0.2115254
0.22853481 0.46891855 0.2115254
-0.02479175 -0.07648972 0.03691366
0.02479175 0.07648972 -0.03691366
0.09987772 -0.02153322 -0.04369858
-0.09987772 0.02153322 0.04369858
-0.06189046 -0.05233095 -0.06566809
0.06189046 0.05233095 0.06566809
-0.3555677 0.12583222 -0.0233135
0.3555677 -0.12583222 0.0233135
