0.695375 -0.862166 1.326912
-1.174809 0.247607 2.0089
0.326008 0.120074 -0.148786
-0.037546 -1.622791 -0.210443
-2.601454 -1.599111 -0.388342
-3.427892 6.032673 -4.013492
0.585093 0.13001 -2.279517
-0.871324 -0.547422 2.310711
-2.59253 -3.894515 -2.653691
4.843128 0.637194 1.471577
-1.633044 -0.676567 1.535016
0.590654 0.983622 -0.729226
-1.184266 1.356829 1.734402
-1.508796 -0.335852 0.22745
-1.77229 -0.75278 -1.385041
1.734645 0.059438 -0.033567
-1.20375 -0.744618 0.138542
-4.29883 5.237015 -3.305437
0.716618 -0.672634 0.455583
1.276821 -2.341093 -1.603206
4.880684 -4.434562 4.987683
0.2489 0.637047 0.427554
0.226853 -3.482003 -0.330846
2.324138 0.262191 0.156148
-2.754726 2.05226 3.029068
-1.787301 1.735142 -2.785894
1.415339 -1.806801 2.238985
2.261568 -1.743205 -0.600974
1.851448 -2.497113 0.621449
-0.272123 2.606107 -1.05151
-0.944909 1.1275 2.909917
-2.085019 -1.795785 1.629239
2.865268 -3.007896 3.291424
0.926486 -0.533554 0.332728
4.289984 4.426667 -3.359061
0.470612 -2.298836 0.556009
-0.860797 2.119467 0.485459
-4.47297 -4.786327 5.860591
-1.33087 0.738358 0.045191
-1.01559 1.825437 -1.23285
-0.790802 1.967525 -1.058841
4.755884 -4.723334 -3.765868
-2.084853 0.51203 8.117948
-2.109562 -1.624529 0.578611
-1.510993 1.681843 0.973465
2.865064 -2.76991 -1.864579
-2.420984 -2.581716 -4.616113
3.537958 1.749089 3.161006
4.72656 7.350784 -5.223153
0.546775 -0.231554 -0.037527
1.861177 -1.421174 1.444284
0.329782 0.86015 -0.951252
-1.908387 -0.038236 -1.007834
0.797974 2.119965 0.741756
-4.507554 -0.360421 -0.028572
0.577044 1.554567 1.039206
-0.218948 2.012602 0.33433
-1.346682 1.652697 -3.033043
-0.534089 -0.036608 0.904713
0.795217 0.479163 -1.065703
3.864527 -1.420667 0.957779
-2.152539 0.62753 0.259277
1.327503 -0.523194 0.146175
-0.05396 -0.11021 -1.09539
-2.251232 -0.558298 -0.458823
1.813398 1.894676 2.931555
4.167925 -4.539106 3.782732
1.815973 -0.763653 -1.726141
0.468381 2.802479 -1.613352
0.92166 -1.784601 -1.963566
0.657243 -1.425348 -0.524583
-6.351605 0.455161 -0.292472
-1.50962 -0.73194 -2.783103
1.705764 3.175772 1.957248
-0.638335 -1.530101 -1.600041
0.988553 1.784602 -0.311193
-1.681738 -2.784152 -2.652244
2.330846 1.332647 2.727629
-1.742767 -3.025388 -0.652093
3.806746 1.787227 2.824543
4.728154 -5.799298 4.719227
0.49667 -1.431629 0.155514
-0.958213 0.651946 0.787706
0.188506 -0.781208 0.815802
-1.466088 -1.148383 -2.78762
1.994245 0.244321 2.041985
0.019269 -1.585601 -1.178141
1.707186 0.898566 1.662041
2.197118 1.62423 -5.571221
1.621207 2.64215 1.887317
1.183232 0.085315 0.366995
-2.689211 0.329238 -1.841103
2.092955 3.339825 -7.015919
3.072052 1.684884 0.771588
-1.937222 -0.100024 0.19066
1.387275 0.585729 0.699727
0.866347 1.869783 -0.790827
-1.344796 -0.368894 0.90595
-0.713683 -2.768871 -1.338715
0.39624 1.967543 0.608083
-2.852757 -1.756754 -1.680436
2.187346 2.192278 1.776541
2.183212 -2.229944 2.349488
1.687618 0.050765 -1.082983
1.61548 -0.919818 2.029786
-1.740022 1.188539 -0.734492
5.800789 3.501206 -3.060348
-2.940654 1.067538 -1.283893
1.622843 0.483248 0.281075
-0.689789 -1.159463 0.863667
1.112764 -0.5482 0.203946
-1.161605 1.279639 -1.846941
0.288841 0.874308 0.125578
-3.81394 -1.229346 0.547641
-0.39006 0.96815 -0.513244
-3.472754 1.315386 -1.809956
0.694798 -2.128212 -0.139717
1.51683 2.118715 -0.168498
3.711735 1.014064 -0.315381
-2.343526 1.16432 -1.582574
2.846242 2.605656 -1.685114
-1.505615 -0.825627 -0.566629
0.535315 -1.519829 2.152159
0.06335 0.138643 0.477452
-6.987192 -5.284383 -5.444364
5.288609 6.759532 5.294022
2.022229 -1.560639 -0.361095
-2.540462 1.663618 0.044406
0.623615 -0.394489 0.821803
-0.510498 0.15333 0.874143
-0.115255 -1.739852 -2.213987
1.285959 1.196498 2.607886
-1.616243 -0.628564 -2.045368
0.566312 2.634536 1.114649
-1.544509 -0.45658 -1.520906
-0.015001 0.738091 1.825931
0.637775 0.235033 0.076346
-3.407321 -2.880514 3.158213
4.482187 -3.610806 3.61652
-5.565929 -4.988349 3.120084
1.936402 1.466601 -0.481169
-2.266608 -1.127925 0.52895
1.36014 0.344237 -4.705085
1.88102 2.539665 2.05614
-0.184229 -0.64079 -2.462018
-0.112441 3.004696 0.126375
-1.130675 -0.425565 -2.234673
0.634152 -1.020387 0.448731
1.463212 -1.844016 0.217444
-0.306939 1.622011 0.357686
-1.955445 1.505676 1.526984
1.089935 0.269409 -1.014648
-0.479954 1.368096 -0.93103
-1.726928 -2.663998 3.455887
-4.004447 -3.975422 -5.254178
4.615857 4.327878 3.7862
3.28386 2.824316 -4.147023
0.664394 0.621835 -0.332797
3.308533 1.857794 -1.959989
-1.391966 0.001477 -1.653581
-0.724549 -0.432877 -0.67946
-0.814932 0.765103 -0.659064
-0.434664 -0.726044 -0.242124
1.095058 1.083945 0.147326
-0.233356 -0.878048 1.535218
0.257771 0.374025 -2.917033
-1.994617 -1.749856 -1.4285
0.413822 1.959486 2.418089
-0.223419 -0.673421 0.78713
-0.061374 -0.544124 -1.977202
-2.160139 0.959372 1.542871
-0.135446 0.103949 -1.78746
2.517254 0.258914 0.74381
-4.731374 3.298957 -4.777138
-2.827226 1.389658 2.718093
-4.680863 -2.243052 4.878778
-0.582388 1.710228 1.314017
0.017803 -1.094519 -0.139444
1.235405 -0.744157 1.142959
1.266202 0.178738 -3.123935
-0.001585 1.040161 0.166958
-4.32 -4.578888 5.412847
1.791143 -1.12567 1.412494
1.532375 -4.356419 -3.773035
-1.907468 0.166032 -0.30642
2.020406 -0.110488 0.200107
0.277071 -1.863949 1.823018
0.99853 0.281939 -2.611803
-5.238996 -7.633503 -8.724491
7.420875 2.608135 4.347808
2.390661 -1.31135 1.122698
-4.403049 4.057276 -3.122961
-1.517956 0.596446 1.242462
-0.427659 -1.05512 2.604661
2.350947 -1.736902 1.647292
0.029137 -1.579038 0.931683
-1.881983 -1.650155 -2.872143
2.095546 0.711892 1.280454
0.272797 2.65315 0.362986
-1.772468 0.762959 -0.826469
1.185696 -0.956911 2.734607
-0.364557 0.141186 0.493925
-0.042162 -1.853309 0.236448
-2.908001 -1.065795 2.34104
-4.916282 2.22891 2.604325
0.379687 1.661735 1.290262
-0.409833 1.912202 -0.405855
-1.267615 0.67362 0.41777
-1.448442 0.709858 1.481393
1.513328 -0.343894 -0.268547
-0.506873 -0.060433 -1.020064
0.82083 1.592353 0.307923
-1.155743 -1.154992 -0.153817
2.503925 -0.257822 -0.191367
0.53332 -1.695048 0.420524
-3.679377 3.708017 -4.073981
0.228877 -0.304772 0.022241
-2.984284 -1.365838 -1.260722
-0.785632 3.165863 -1.120033
-1.177937 0.243763 0.337252
1.929419 -0.907835 -1.253749
3.075404 -2.449085 1.77577
-1.619706 -2.781215 2.195495
0.628448 -0.481138 -1.644618
0.840454 -0.459835 -0.004893
-2.088663 -0.123053 1.228657
1.911665 1.034317 -0.185363
-0.514628 0.442045 0.499731
0.666876 -3.383144 -1.110435
-1.510003 -0.544265 0.715245
0.274727 1.472141 -1.37171
-2.035538 0.964773 1.659779
0.081075 -0.876875 -1.511122
-0.441771 1.547441 0.968931
-1.38295 0.998155 -2.887926
-1.774776 0.698548 0.701858
-0.622592 -1.631158 0.882585
1.067439 -1.0055 3.932483
-4.492479 1.691035 -1.977319
-1.177853 0.559508 0.693047
-1.030627 -1.572529 3.244513
-2.352923 -3.632829 -1.061931
4.826108 1.1598 0.891356
-2.679412 2.688587 2.492295
-0.50533 0.065151 -1.239001
-1.888978 0.67076 1.554365
-8.286477 8.431142 -8.105476
1.814753 -1.409158 2.072525
-2.579422 0.738756 -0.773657
1.583608 1.171639 0.065927
-0.015371 -2.889637 -0.156118
-2.816774 0.814721 0.368213
2.978515 -0.328699 -1.107685
-1.252299 1.208036 -1.993494
2.274293 1.949387 0.778927
1.988948 -0.008032 -1.262503
-0.169786 0.557398 0.255206
-0.581292 2.44674 1.474451
3.605903 -3.959316 -2.876889
-5.102428 3.281575 4.562183
-0.10563 -1.099454 -2.318652
2.209488 1.24896 -1.919837
-1.005396 -1.781745 1.505185
-0.908446 -1.350454 -2.134367
-2.298168 2.698859 -0.128789
0.03084 1.089616 2.942262
0.158268 0.315912 -1.981846
-0.566961 -0.151429 -1.308245
2.319953 -1.362585 0.227904
1.603933 -1.161367 0.028968
-1.707419 1.776823 -0.258558
-0.374041 -1.361585 -0.821001
-1.362691 2.820929 -1.417082
-0.543474 -1.342597 0.254701
0.428123 1.208454 -0.597479
0.044669 0.961331 -3.038247
2.706692 0.644431 -0.154216
0.826987 -0.79933 1.306349
-1.254451 0.884889 -1.017905
-4.579393 -5.084779 -6.075617
5.922666 3.716482 4.78945
-3.004718 0.786563 0.279042
0.163641 -0.62422 2.468456
-4.348794 -6.065922 -4.351477
5.275667 4.470171 4.689118
0.515903 0.931538 -0.523822
-1.481494 -0.730299 0.754532
1.673859 0.760464 -2.378597
2.403675 -1.307667 -0.818745
-1.2094 -6.421449 -0.705652
3.343038 3.02733 3.881379
2.678971 2.540901 -1.897582
-7.900523 7.189585 -8.155287
2.359077 0.417784 -0.029017
-0.976712 0.309966 -1.884029
1.345286 -0.858701 0.82005
-0.31635 -0.498144 -0.276129
-0.303989 -0.190006 -0.351712
-0.334855 -0.486997 0.656738
0.088541 -2.121712 0.236579
6.065602 -4.444558 -4.857042
1.355961 0.930104 -3.334031
0.065828 0.472432 2.189171
7.824627 -7.429357 6.144427
1.660857 -0.359165 1.021588
-0.901437 0.062865 2.691013
-0.002597 -1.179111 -0.804629
-0.246551 2.851847 -0.184912
-1.538711 -0.374175 -1.649633
2.043368 0.339729 -1.381493
-3.935601 0.912558 -0.793465
2.213951 -0.096334 -0.495566
-2.91463 1.048671 -0.823733
0.039477 1.594441 0.220292
-1.080949 0.039151 -1.814641
0.205933 -0.923011 0.58253
-3.629971 0.895549 0.742245
-0.899347 -1.476664 0.951361
2.305795 -0.496335 0.756274
0.140578 0.273528 1.454684
1.397059 -1.147456 -4.803098
7.970823 -7.373019 9.128702
0.220945 -2.076721 0.345647
-1.906666 0.053397 1.407298
0.981582 1.054116 0.315554
-0.092975 1.079252 -0.594336
-0.141475 -1.327217 0.475176
1.979195 -0.324556 2.219359
0.345796 1.438939 -4.434201
-4.877826 7.565384 4.648736
3.813075 -4.80915 -3.439776
0.227854 1.63025 4.400448
-8.457767 -6.978626 6.536093
-0.1863 0.262839 -1.761577
0.443054 -0.471871 1.773583
-0.423794 -0.693947 0.173831
-0.847032 2.095507 0.090623
-0.05332 -0.822189 -1.29486
2.05222 1.241165 0.279358
-0.731366 -3.107094 -0.744859
1.074546 1.571429 2.373897
-0.10717 5.026301 0.491941
-3.307863 1.792821 -2.768508
-2.240098 0.094135 0.934561
-0.460453 0.842358 -0.036045
1.617057 -1.540612 0.961937
-0.08417 -0.64675 -1.581968
-2.179688 1.883104 1.75558
-0.272607 -3.55847 0.135745
-1.509468 -1.812839 -0.521616
1.531989 0.198208 0.782451
1.469284 0.205355 0.791463
-2.41996 1.379284 -1.088143
-6.651415 -6.667568 -6.906197
9.065438 6.752724 7.032147
-0.142647 1.632337 -0.927005
-0.144301 -0.89483 1.222825
7.560416 7.289227 -7.96389
-0.774166 0.040794 -1.209044
-1.893648 -0.029572 -0.677392
0.438739 2.163175 1.521148
1.082072 -1.623437 4.213681
-3.915276 4.845537 -5.202381
-3.144548 -5.026767 -2.775485
2.788245 1.988676 5.066666
3.807791 -4.295084 4.421079
-0.299421 1.210964 -0.185033
-6.091233 -5.896065 -6.480831
6.2868 5.3027 6.264387
0.480757 -1.340164 -0.463563
2.5388 -1.616139 -0.61722
-2.3695 2.655943 1.613333
0.701984 0.364324 -1.801375
3.815278 4.17274 -4.443175
0.053934 -0.209007 -0.454667
-1.072888 -0.665128 -1.42284
0.213294 -1.421939 1.547551
-1.387842 -0.752188 -1.909393
0.207017 0.951541 -1.062878
1.572007 0.875488 1.353704
0.189734 -0.449627 0.160639
1.069691 -1.18437 2.545379
0.279334 0.299801 0.302032
0.398523 -0.485008 0.174635
-0.099688 -0.646949 1.325875
0.976837 0.968717 -0.878444
-2.790882 2.633444 -2.472896
1.190297 -2.329697 -0.034123
-1.389491 -0.27125 2.532658
3.528359 -0.720402 1.359826
0.561878 -0.371834 -2.236571
-1.106388 -1.347941 0.002001
1.011337 0.162013 2.306546
-5.321035 -3.742259 -4.005133
4.066161 4.693941 4.474598
3.574559 -0.935323 0.208974
0.580301 0.082655 -2.293229
-1.741506 -0.241106 0.623018
-0.049386 1.349882 0.209309
-1.504048 -0.734889 -0.781816
2.162478 0.385219 0.904114
-0.076035 1.755169 -0.020914
1.739439 -2.679916 -0.899556
0.555671 1.714251 1.209284
-2.741374 -0.446108 0.221909
-0.507429 0.515672 -0.398638
-0.293487 0.734811 -2.419174
-4.713727 -4.633852 -4.919223
5.358173 5.361477 3.628981
1.250825 -1.11179 1.707178
0.15263 -2.420188 0.528401
-1.314248 -0.501189 -0.167679
-0.039256 2.816358 0.68779
1.315672 2.406365 -3.629869
-0.961023 0.286561 1.61185
6.809397 -5.780892 3.990185
0.320324 0.771046 -0.990066
-0.417196 -5.225787 -0.982747
2.513628 3.654123 3.237543
1.81162 -1.872445 0.245996
-3.744114 -1.93098 2.604625
-0.64892 -0.095728 1.262494
-1.63387 -2.044726 2.143322
0.220164 -2.409356 0.217238
0.889907 0.741388 2.028093
-0.962512 0.123644 1.32881
-0.352601 0.182827 -1.140121
0.333208 -0.501044 -0.023079
-3.999977 5.881547 -6.076994
-2.66414 -3.664111 -3.967604
3.198694 5.604387 3.041859
0.913064 -2.06597 0.392068
0.340342 0.945188 -0.37674
-3.756339 0.407786 3.432827
-0.88604 -1.192808 -2.26466
2.978688 1.429695 0.602839
0.358717 1.829683 1.321503
0.145472 -4.839008 -0.196602
-1.093242 -1.505673 -0.466372
1.828191 -1.297069 -0.646833
0.322608 -1.866144 0.502283
-2.437168 2.15248 -0.964065
-2.789578 -4.281737 -3.586822
4.788949 3.783006 3.802273
-3.852174 -3.757476 -4.38525
3.945736 3.824734 1.453776
-0.872888 1.650127 0.536512
-4.621656 -2.116451 2.194078
-3.346113 0.30548 0.484495
7.324929 -3.419397 -2.951884
-1.374231 0.046589 1.156791
1.442584 -0.573344 -1.884548
-0.23799 -0.762974 3.367242
-0.293764 -3.472541 0.238949
-3.130239 -3.360004 -2.305955
-0.77967 6.16629 0.586756
2.504456 -0.746415 1.045043
-2.530031 -1.522176 0.993009
-1.593852 3.518977 1.647499
-0.962942 -1.850106 0.86007
0.351662 0.329358 0.017253
1.996008 -2.27615 -3.262773
2.594321 1.942897 -2.616466
-0.98768 -1.270927 0.939028
1.065206 0.088345 -0.301756
-1.165262 -1.262263 2.878361
-2.834356 2.088769 2.149315
-1.082843 -0.297482 1.099496
6.622858 4.320671 -3.981351
0.372251 -0.954986 -2.816743
-5.08514 4.562324 5.514084
-2.0862 -3.288162 2.397321
1.464431 1.062433 -0.835936
-1.425456 -1.171754 1.43903
-2.835269 -0.549591 -1.031346
3.69208 -1.144987 -0.669209
-4.126051 0.903332 0.657406
1.410607 -0.333158 -0.74531
2.983377 2.712942 -3.409304
0.63431 -0.345804 0.324834
-1.591075 -2.788135 -0.726958
7.720272 -2.939091 -7.005185
-0.765023 1.235628 3.043625
-1.541051 -2.341387 2.014462
4.215647 3.196729 -2.316692
-2.786644 2.157833 -2.247052
-0.632929 0.6667 -0.771401
-0.06956 -1.989163 -0.83815
0.993767 -0.81063 -0.716284
-0.44921 1.928408 -0.140792
-3.717081 1.805371 1.499374
5.02274 -2.964038 -2.500743
1.285081 -1.676083 7.989825
0.584674 -0.635327 -1.757167
0.311873 0.793849 0.738796
0.20676 -0.481063 -1.723518
0.323855 -1.903827 2.250133
-1.064983 -1.807419 1.864086
-1.348411 1.030013 1.222703
0.454505 0.697461 0.918232
0.485024 -0.114374 -1.075262
-1.034463 1.476214 -1.61321
-5.967396 5.761798 8.16083
1.603048 0.794761 0.162263
-0.126482 -0.341686 1.770488
0.388465 -0.036704 -1.252487
4.358238 -2.917529 3.294389
-1.593106 -0.832658 0.922309
2.203166 -2.302152 1.090757
-5.731903 4.713912 -6.76976
-1.425232 0.532717 0.657901
-0.167858 1.247058 -0.087998
0.233452 1.162206 -1.38698
-0.991291 0.824225 0.213802
1.241635 3.409445 -0.721829
0.803085 -1.997953 -1.213104
1.017994 4.122651 -1.898906
2.002081 -2.618655 -1.64746
-0.072376 1.188615 -0.544338
-0.692135 -0.465008 -1.330642
7.033771 -4.820294 7.383348
-1.665677 -2.742865 0.434431
0.55781 -0.575997 1.554089
0.746487 -2.435484 -0.036371
-0.368223 1.251566 0.828545
1.671409 -2.487496 -1.631825
-0.653431 0.535288 -2.134245
-2.4024 -1.579113 2.215171
-1.395598 0.845024 -1.178193
0.670427 1.661212 -0.168972
-4.488839 -0.727864 -1.970719
2.868014 2.137946 3.99465
0.6363 1.235237 -0.636552
0.020768 -0.946523 -1.1619
0.816134 1.170136 -0.982621
-0.657868 -1.3376 0.055725
0.919923 0.66153 -0.563055
1.841534 -2.011024 -3.965596
-1.089235 -0.050419 0.269586
-0.883819 -0.999229 1.618516
3.293828 2.638734 -3.034416
-1.086444 0.544938 -1.565095
-1.553256 1.527479 0.099707
-2.746803 3.07939 -2.379299
0.711421 0.662217 0.270592
-0.973727 0.82547 -1.5252
-0.94533 2.73823 0.382389
0.91284 -2.581333 -1.909575
-4.297716 1.61863 0.760042
1.260717 0.651239 1.811208
0.662217 -0.36686 1.098451
-0.1517 1.058578 -0.327613
2.159418 0.338395 0.563538
0.789825 -0.852932 -3.379977
1.50582 2.111909 -1.94039
-2.039474 -1.972008 2.302487
0.569398 -1.827819 -0.980808
0.889619 2.092049 -1.004822
-2.561338 2.214524 1.535119
-1.621906 2.441785 -0.826618
1.473637 2.8171 -1.611843
0.679513 -2.005394 0.057107
0.11625 1.570917 0.189436
0.127731 -0.622854 0.601709
-0.840392 -0.583859 -0.88796
0.338107 -0.401821 1.803441
-0.161644 -0.521539 -0.011508
1.485871 -0.493724 -3.41839
1.800335 -1.409133 1.483963
0.568465 -0.214017 -0.778022
-1.986037 -2.500682 -2.016271
3.716102 0.519651 1.1567
-2.724985 -0.298853 0.178746
0.398663 0.726585 2.517558
-1.311572 2.152717 0.913491
-1.847325 -2.782347 1.472578
-3.268273 2.370531 1.216217
1.919929 1.287607 1.359797
2.082094 -0.082688 -0.317675
-0.349512 -1.922324 1.278639
0.459827 -0.850725 1.463033
0.414858 0.810697 -0.280867
-1.962218 -1.348297 -2.238598
2.207467 -0.077703 0.589677
1.768816 -1.304318 -0.869411
-1.011373 0.342867 1.269765
-0.065823 0.074557 -0.262092
2.822896 -2.494362 -3.286991
-2.377968 3.681446 2.705011
1.758299 -2.658661 -1.558843
-0.212675 -2.572116 0.1757
0.720116 1.384251 0.455995
-2.745433 0.350045 0.249414
3.376652 -0.619259 -0.488157
-0.55913 -2.669077 -0.100953
0.038081 0.967351 0.817921
3.304401 1.719306 -1.100445
-0.848204 0.085544 -3.156865
-1.33541 -2.224976 -2.916207
3.378497 3.094513 2.736764
-0.008569 0.445754 0.491306
-2.755254 3.213324 -2.230586
-0.954755 0.270353 1.081332
-0.317982 1.498632 -1.324619
1.282278 0.021693 1.327734
0.363119 -1.092934 -2.911238
-1.028178 -3.067254 -1.212602
2.35984 1.087256 1.265643
-4.516129 -2.582411 -1.302168
3.338793 4.176499 3.244148
1.381103 1.467202 -2.018573
0.282958 0.718969 0.179852
1.860707 -0.545126 0.590852
1.176928 -1.452035 -3.860548
-1.661614 2.488682 1.215673
-3.828316 -6.669325 4.062801
0.301318 -0.920375 1.666803
0.489303 0.698491 -1.482467
1.548458 -1.042531 5.126021
-2.638908 1.283174 -1.274948
0.133784 -2.306911 -0.122291
4.069803 -4.664381 -3.544751
2.187688 -2.21197 1.985638
2.424898 -2.056184 -2.223486
-0.084125 -1.366132 1.058583
1.280798 0.528877 2.094959
-4.34212 5.688302 4.79467
-3.530178 2.167097 -3.20679
-3.474008 -1.420303 -2.582966
0.883622 3.83851 1.248481
4.68105 -3.890695 3.307214
-3.506088 -4.316937 3.584445
3.293352 -1.172677 1.409705
-1.654038 0.258088 -0.270535
0.288946 0.14922 4.175739
-4.417831 3.416478 -3.923297
-1.184517 -1.823904 -0.474245
2.103167 1.021597 0.998903
3.08397 -3.456871 3.57436
0.290958 0.40183 -1.264408
2.892259 -1.438127 1.956277
-6.428506 6.366697 -5.123633
-2.018201 1.949143 4.186389
0.694892 -3.005974 -0.972832
0.211245 2.66812 -2.455433
-2.547584 1.741073 -0.304517
-0.260748 1.89712 -0.079005
-1.567374 -0.0549 -0.886197
-1.729293 0.048469 -1.492845
1.822437 1.730243 1.65241
-0.661647 0.251203 0.585632
-0.388903 -0.878968 -3.07316
0.381309 1.165258 2.352833
4.270362 -4.960406 3.355723
-0.085319 2.423624 -0.374728
-2.746154 0.528523 1.447828
1.067288 -1.006013 0.471401
-1.185853 -1.534746 -3.21083
-0.459307 -0.856305 4.222799
2.945132 3.38211 -2.919358
-4.259059 -1.487966 0.731457
-0.180258 -0.599384 -0.079843
-0.407539 -0.28584 1.525241
0.554015 -3.043802 0.515546
2.881683 -1.652797 -0.198721
1.861772 1.735784 -1.354506
5.393017 -4.552988 -4.643547
-1.291068 1.320445 0.046849
-4.37131 -0.967972 1.700945
4.459893 -2.547479 2.766024
1.586668 -2.220667 -2.305297
1.901471 -0.81086 0.223745
-0.112237 1.881366 1.041868
1.280342 4.833314 -1.001217
0.376149 0.455597 -1.865821
-3.886291 0.577679 0.445469
-4.290585 -2.107368 4.177864
0.453483 0.291635 -2.177989
1.376736 -0.039648 -0.289009
-0.54462 -3.55892 -0.251259
2.801194 1.37621 2.017244
4.028562 4.947718 -2.191421
-3.584815 -3.703237 2.34056
1.48058 0.149693 -0.975433
0.919294 0.009761 -0.404266
0.717736 1.415975 -0.861852
0.186061 -0.240993 1.154209
-4.357403 5.159287 4.197078
3.651923 -3.306531 -2.676101
-0.39252 -0.318214 0.647775
-3.342088 -3.632101 4.165459
5.134211 -3.955895 4.545414
-3.320408 3.040004 -4.381061
0.784962 2.209365 -0.191994
-1.331242 1.116303 -1.466499
2.85911 -3.437933 3.64898
-0.881019 -0.352313 -0.966153
-3.845526 2.012018 2.941683
1.934381 -0.399145 -0.572384
0.885399 -2.929931 1.514765
0.550719 0.411489 0.510181
-1.117196 -2.006892 -0.723032
1.781945 1.70847 0.772905
-1.760173 0.682124 0.13233
2.541276 -4.084458 -1.836629
-0.46949 0.547259 -0.197951
1.614458 -0.760119 -2.132907
0.572069 -0.69846 1.806103
-0.841644 0.43531 -1.880531
2.198647 -1.094827 2.149774
0.293653 0.122148 -1.303259
1.819313 -0.222809 0.314413
-1.508638 -1.159276 1.0561
-3.708727 2.802504 3.500865
0.043133 1.702518 -0.487157
4.094865 4.722028 -5.238104
4.530288 -4.769574 -4.847109
-4.990609 5.363671 4.888021
-1.020776 -1.398136 1.925375
-1.186605 1.579301 1.64164
-2.468285 -2.082464 1.19155
0.235153 -1.377263 0.266941
1.167392 -0.212936 -0.066594
-0.315784 -2.0868 0.552094
-1.022481 0.696798 1.431602
1.297885 0.734472 -2.095995
-0.031151 -0.604218 -0.863355
0.84228 0.525575 -0.327864
-0.454168 0.607302 -0.118987
1.462775 0.265663 0.164052
-2.631963 -3.514177 2.490431
-0.759771 -0.267106 0.184591
-1.377551 -2.650517 0.690831
-2.293784 1.446401 0.49129
0.640686 0.986085 0.246822
1.612708 1.319184 -0.258536
-0.826922 -0.448328 -0.18992
2.151801 0.532382 -2.550393
0.472802 1.658716 1.510884
-1.588783 2.301069 1.939682
-0.579842 -1.011071 -1.27111
-3.049243 -2.682882 -2.226814
1.852096 3.72195 2.489225
-1.074926 0.106319 -1.181105
1.426585 0.764835 1.390497
-0.338944 1.130113 1.030576
0.948813 -1.660998 -1.960933
2.141835 -0.42583 -2.396677
0.795649 2.154956 0.744507
1.098566 -1.01131 0.360569
-0.815076 -1.181909 -1.704295
-0.124608 -0.151088 -0.264675
5.006936 -3.763235 -4.199283
0.207119 -0.801726 2.629539
-3.305576 -1.637933 1.766948
-1.431121 1.773194 0.435139
-1.435912 0.351196 -0.084433
-0.905331 0.292638 -1.403856
-1.768866 1.258744 1.208426
-2.497436 -3.996624 -2.502789
0.766173 5.131618 0.242248
-3.150881 3.059272 4.07346
0.955178 1.344619 -3.701487
-0.645447 -0.011604 0.787603
-5.888891 2.742833 -2.384392
1.396107 0.07691 -1.787292
-1.953883 2.223013 -0.661942
2.783786 -2.69515 4.772603
-2.93021 -4.271251 2.788988
1.100411 0.317879 -1.119073
1.72962 0.184854 -1.00532
4.635561 3.317146 -3.347794
0.284821 -0.625193 -3.532008
-0.779357 2.290203 1.69157
-2.053195 0.479282 -0.849587
-0.469045 -3.060859 -2.094473
4.247496 2.402761 2.684328
3.496903 -4.212982 3.296779
1.204702 -0.152065 0.446304
2.435003 4.811867 -2.624904
-3.032126 -1.678009 2.906102
-1.263784 -2.535839 -3.607755
2.428549 0.439022 1.988453
-0.209438 1.194054 0.467329
-1.069577 -0.386721 -0.000858
2.919295 1.984754 -1.069857
1.15081 -1.781032 0.128839
1.108992 0.190927 -0.233412
-1.558431 -1.406662 -1.576922
-0.26355 3.172696 -1.012804
-3.553455 2.550163 -2.401645
0.902691 -0.499141 2.859078
0.201537 -0.309655 -1.10504
1.804112 1.84854 -0.787171
-1.187511 -2.702142 0.514786
0.981875 0.799533 0.40946
-4.263133 -2.975381 2.488528
0.372337 0.799773 0.020885
0.54812 -0.333293 -1.618641
0.125115 -0.63969 0.44546
0.601304 -0.713148 1.094873
3.642221 2.871592 -2.89495
-3.93335 3.880921 -5.736986
-0.699649 0.367805 -0.554301
-0.322696 -1.328171 2.566471
-0.71619 -1.064061 -2.435985
1.746277 0.665271 2.327084
-2.42618 -1.062251 -1.82951
2.939368 0.584918 0.831238
-0.505283 0.087949 -1.994567
0.529997 0.531875 2.351047
1.931264 0.985909 -1.438856
-1.874174 -0.621771 2.022489
-0.312836 -1.369763 -1.215651
0.587404 1.133061 1.199813
3.062108 2.621681 -2.851705
-1.504248 -1.117767 1.411875
0.610511 3.044754 -0.456737
-3.686701 2.492616 -3.904818
1.560648 1.02767 -4.540726
3.015552 -0.375426 0.469775
-1.71937 0.414702 2.18308
-1.249715 1.367823 0.119307
-1.003204 0.232157 0.183793
-0.133779 -1.586176 -0.379101
1.327865 -6.04558 -0.240551
4.770711 1.028452 1.599674
-1.513822 -0.590828 0.265203
0.839604 0.330183 2.141839
-0.22221 -1.707584 -0.79487
1.982186 0.984875 0.48858
-4.309548 -3.752523 -4.431148
-1.245552 5.831861 -0.110395
-1.304477 -1.034253 -0.527909
1.426003 2.292515 1.928348
2.793332 -2.045795 3.658591
0.989333 -0.821854 -1.249401
3.087405 3.9695 -2.423885
-2.978751 1.971776 -5.439038
-2.100468 -0.788109 -0.522234
0.467843 0.578531 2.746973
-0.250071 0.493355 -0.11106
-4.239589 -4.831591 5.10711
0.760564 4.000199 -2.153108
0.844792 -0.072098 0.734046
-1.422528 0.806955 -0.592563
0.286049 -0.780165 -0.179467
-0.634099 2.247056 1.189778
1.915431 -1.71812 -4.586857
-1.410903 -2.126187 -1.199876
1.29275 1.253211 2.136448
-0.857886 -0.597666 -0.495288
-1.390642 -0.625288 -0.381261
-1.168172 1.175251 -1.313829
0.963037 1.080995 0.95086
-0.219033 -2.721886 0.311405
0.587304 -0.054651 1.609183
-2.025768 4.061952 1.537459
-3.891094 -0.997644 0.811141
-0.187614 -0.97824 1.813071
0.411147 -2.827361 -0.753327
-1.128338 0.731103 1.793241
-3.408411 -1.855273 1.966923
0.272631 1.489349 0.900739
-1.429511 0.767191 -3.097644
-0.094319 -0.628366 -2.448238
1.893233 1.003953 2.018183
0.465757 -2.239118 2.959864
-2.234322 2.095344 2.706479
-0.87337 -0.322138 -0.394816
3.015515 -2.032129 2.122105
1.139969 -2.613441 -1.461766
1.006406 -0.039779 -1.189583
1.532996 0.477546 0.553016
3.482896 -2.992532 2.134488
1.326308 -1.15245 -1.183323
-1.634507 -4.213188 -1.643833
2.857363 2.718272 4.052599
-0.858492 -1.374961 -1.642279
0.342224 -0.429481 1.448352
-1.470711 0.111008 -1.335345
-1.064056 -1.35904 1.460247
0.269658 -0.040642 0.147432
-2.376298 -0.586578 0.844203
0.421246 1.496337 0.526134
0.428114 -1.131717 -0.791779
2.183134 3.050261 -2.200125
-8.000093 -3.285528 4.411109
-1.015566 0.208821 1.127499
-1.536787 -0.089457 0.419151
-0.526866 2.018276 0.827506
1.809192 -4.770489 -2.08854
-6.661062 -7.498684 -6.63947
6.792686 6.838699 6.394908
-0.161896 -0.124384 -1.650336
-0.229492 1.363735 1.078324
-0.606688 3.006316 1.245744
-0.698619 -1.847159 -0.359823
-0.144485 0.88778 0.031705
0.835817 -0.4749 0.704416
-1.85292 3.975841 1.633075
1.394055 -2.584433 -1.665793
-1.354611 2.033956 1.212841
-3.926007 -3.767873 3.673107
0.737428 0.667292 -0.455018
-1.495668 -1.733584 0.43562
0.154819 0.903068 1.265328
-0.150566 -0.986275 -0.281892
-2.614677 -1.686472 -4.099805
1.344731 4.739295 1.416523
1.44075 0.868865 -1.022625
-0.845416 -0.535334 -0.980883
2.356602 6.507932 -2.366703
-0.251594 0.013348 1.053054
-2.779834 -0.547529 -1.201362
6.020388 -5.342381 -5.086116
-0.316956 -0.638612 -0.480309
-2.327042 -2.978627 2.204964
0.141682 -0.126486 1.847616
-1.201543 -0.295912 0.942429
0.212206 0.143662 -0.394147
0.757817 0.154254 -2.13383
1.994121 2.599195 -3.871549
-2.532642 0.56674 0.73511
2.851394 1.101018 -1.825021
-0.177626 -0.612541 -0.846397
1.280741 -2.157148 3.0388
-1.657469 2.042317 -2.70852
3.37567 3.796166 -2.777605
3.044086 -2.281059 -2.48402
-1.740094 -0.411886 0.245264
0.530939 1.906911 -0.106729
-0.602667 -1.158159 -0.933518
0.956036 0.404209 2.550565
5.030178 2.103662 -9.06604
5.097204 2.328637 0.322671
-5.544679 7.330196 6.328621
0.592146 -1.272261 1.179045
0.500693 -0.549285 3.784305
1.36992 -0.360914 -0.524699
1.444428 1.577242 -2.512052
0.498748 -0.372136 1.630253
-1.20819 -1.80101 -0.883966
1.057544 0.749855 0.288162
-1.12583 1.280872 -0.320816
0.593315 -1.266546 -1.552371
0.248266 0.15991 -2.134582
2.053729 -0.582707 -0.145752
-1.653763 -0.060854 -0.498238
1.922952 -0.901791 -0.727452
1.261262 2.912812 -0.174807
-1.296156 1.082546 -1.193616
0.561699 -0.788929 -1.487216
1.376443 0.497154 -1.737459
-2.030514 2.324095 2.601635
3.005576 -4.004551 -3.198737
0.048284 0.270147 0.936954
-0.391711 -1.356306 0.572396
-0.652423 -0.471518 0.315706
0.602452 1.093635 2.178381
0.20047 0.823516 -1.308352
-3.067445 -2.974189 3.893814
0.360619 -0.703485 0.642442
-1.848917 -0.767668 2.895126
-1.688337 -2.793745 -2.925812
3.215932 1.218977 1.583317
-0.055503 2.318236 -0.723797
-1.145637 -0.22587 0.733177
-1.380373 1.681883 1.745793
2.085343 -2.713247 -2.614438
1.238799 -0.200119 0.31829
3.488251 -3.354804 -3.67773
0.31652 -0.417172 -1.762807
0.961033 1.15281 0.713449
1.981432 2.705455 -1.17413
0.382188 -1.697723 -2.571842
-3.281251 2.175863 2.948715
-1.308074 -0.035011 0.060769
-1.478867 1.610168 1.271957
0.229417 -1.272326 -0.452606
0.26002 -1.277588 -4.447664
3.335641 2.038445 1.688893
-0.388998 1.115237 -0.352825
-0.684339 1.173001 1.156812
-2.846872 -3.385653 -3.57912
4.258912 3.263052 3.833008
-0.320465 -1.032823 0.119951
0.978863 -0.236957 1.039679
-1.529179 -0.713065 -2.301357
-2.665205 1.725284 -0.150915
1.548862 -1.304466 2.686992
-0.852562 -1.631153 -0.350246
-0.015953 1.528685 4.587235
0.610464 -1.35804 -0.323961
1.51603 0.812979 -1.669877
-1.135526 1.258009 -1.401975
0.786997 -1.250619 1.025154
1.851324 -0.771118 -2.193191
-0.948453 -0.178304 2.859643
0.38538 -0.71628 -0.247927
-1.049679 0.391993 0.978484
-1.185278 -1.235579 2.428133
-1.535037 -0.792653 0.262342
0.959253 2.004136 1.377015
-1.756165 1.289467 1.676266
0.749492 -2.141774 -2.242112
-2.036283 2.772252 1.501682
-1.263621 -0.384282 0.45335
1.188766 -0.018493 0.817617
-2.959319 1.042304 -1.659608
-6.779742 -7.177732 -6.791513
6.994672 7.404306 6.361506
-2.42556 1.621707 1.736319
0.905338 1.126945 -2.943218
-0.933318 2.51517 0.720127
1.601485 -0.809334 -5.027335
3.451947 -1.184685 0.114618
-2.267484 0.479834 0.53718
-0.113224 -0.983853 0.046559
-2.64857 2.596481 -2.272678
0.790028 -1.980187 1.531333
-7.126312 -6.780593 5.888801
-0.753366 -0.269602 1.17115
-0.230666 -0.389625 -1.234336
0.626282 1.158056 -1.961313
0.837896 0.973298 -0.386496
9.582214 4.619191 -4.556894
1.404125 -3.016424 -0.565382
-0.475131 0.487656 0.796148
-0.816042 -0.693702 2.264059
3.410632 3.099296 -3.598272
-0.003985 0.155046 0.307348
1.040302 1.421581 -1.787601
-2.133688 -2.743821 2.795377
0.420217 1.458111 -0.35135
1.166821 -2.652151 -1.09862
-0.277068 0.220299 -0.919184
0.395326 -2.436257 -2.192691
-3.04116 3.140193 3.663439
-0.539588 0.250368 0.048407
1.717666 -0.708676 2.154652
-1.246803 -2.249739 1.071181
1.48782 0.734164 -1.641444
1.838504 -0.989448 -1.905903
-3.747037 4.117576 2.569808
-1.340654 -0.557157 -2.293894
0.05295 2.21216 0.991773
-3.859994 3.485027 -3.226666
-0.275637 0.382609 4.282403
4.587341 -4.922361 -4.039203
0.693584 0.967334 -1.685552
-0.179753 -3.129698 1.237553
2.8859 1.138157 -0.598548
1.853355 -1.422639 -1.823571
-3.435217 1.629742 1.116505
-4.945447 -4.558518 6.943233
-2.780581 0.868698 1.09231
-0.070972 0.803852 0.922876
-3.456733 -1.318812 4.249558
2.612225 2.498247 4.137359
-0.075516 -3.98802 0.219166
1.227239 1.491779 2.026218
1.882077 -2.023647 1.641282
-1.191608 -0.911788 1.284091
-2.188229 1.092879 1.506034
0.912806 0.354292 -1.182675
-3.656958 4.035839 3.895449
-0.821179 1.021857 -1.577131
-2.094483 -2.371393 -4.641478
2.98872 2.746557 2.056083
0.169722 1.127806 -2.278671
0.779533 -0.87678 1.054419
-0.584321 1.094456 2.477634
1.368108 -1.376864 -2.913084
-1.054234 0.551193 0.676839
-2.421808 2.906864 -2.737584
0.209907 -0.536013 -1.921482
0.388146 1.302422 0.513498
0.484729 0.480078 -0.53458
1.827351 -4.100173 -1.972517
6.473542 5.195227 -5.892551
-4.255478 -8.891253 1.978491
-1.957158 0.658887 0.825221
-0.394757 -0.813885 1.9901
-0.40964 0.326613 0.323324
-1.092688 2.161999 0.57022
0.577948 -0.930474 1.02272
-1.144516 0.411334 -0.713766
-1.199915 0.959659 -0.206705
2.87094 3.513566 -3.805045
0.683944 -1.643841 -0.965602
-3.619093 -2.64012 -3.784288
2.468994 3.150173 2.264405
-0.425125 0.460834 2.003886
-0.435086 -0.137942 -3.418296
0.065117 0.878654 2.418515
-0.613026 0.723802 -1.340404
-2.463144 -4.79404 -1.556915
4.889223 1.636721 2.66134
-0.86472 0.848047 1.649721
-1.367862 2.463994 -1.715391
2.704095 -0.84825 0.106957
1.470924 -1.506083 -2.459304
-3.355702 0.853959 1.160139
2.203398 0.317836 0.444884
0.016382 -0.801315 1.069372
0.85978 -0.020651 -0.794848
-3.459459 -0.974332 -0.356681
0.44355 4.473331 -0.258721
0.949794 1.81158 0.670077
-1.261214 1.487223 -2.050257
0.834408 0.812459 -2.750069
2.5001 0.369395 0.433232
1.174965 -0.460696 2.460768
0.88705 -1.92862 -3.227831
-0.679052 -0.173403 3.148348
-1.718962 0.736392 -0.109724
2.103232 1.487064 -1.058602
-0.359053 -0.615598 -0.946343
-0.169724 0.863866 -2.608905
-0.961588 3.649009 -0.871416
0.469597 -0.511348 0.519472
0.034923 -1.592089 0.92613
-4.176542 1.201943 0.709796
1.741529 0.805133 -0.250986
-2.665049 -3.212248 -3.472998
3.477767 3.1868 3.17303
1.187031 -1.181162 2.354112
-1.164282 1.019336 -1.080631
-0.748367 0.670513 1.136516
0.671751 -3.090127 -0.922622
0.771971 -2.602359 2.069792
1.087458 0.667908 1.209557
0.738968 -2.919201 1.323838
3.56633 -1.460131 -2.209303
-3.344227 2.921752 3.217483
-2.176403 -3.347578 0.711547
0.233115 -0.969321 0.604308
0.129816 1.108399 -1.40539
-1.497331 0.809743 0.914862
-0.436854 0.073902 -0.569263
-0.198965 1.046761 -2.305087
0.615377 -0.09183 2.378161
-3.434704 -5.151483 -4.650664
4.711639 5.892712 5.31113
-1.821392 1.236555 0.832781
-1.452946 -0.310256 -2.563407
1.138445 0.500756 -0.377731
-1.615521 -1.549622 0.559331
2.801941 0.849486 -1.072924
0.337194 -1.33136 -1.31267
-1.051862 0.902559 1.799858
1.811335 -1.963068 -2.376978
-0.180316 0.519638 0.058236
-3.981872 3.902863 -5.672608
-1.190012 1.785767 1.624968
-2.080566 -0.820976 -0.118255
-3.235874 1.285798 0.653567
0.37716 1.274139 -0.083155
0.365701 -0.039757 1.714765
-3.369928 -3.827845 2.663385
7.140072 4.855699 -4.15515
-1.935756 -1.87067 1.298448
0.93534 -3.696293 0.064995
1.185874 2.625369 1.829415
2.235272 1.224864 -2.454434
-1.779197 -0.521533 1.126522
0.45663 -2.326004 0.598986
0.834703 1.533421 -0.501543
1.996064 0.026475 -0.436861
-1.834909 -2.520242 1.741012
-0.896285 -0.407122 -3.65494
1.674346 2.962064 2.401323
1.126039 0.627707 -1.576853
0.266681 -1.016244 -2.310144
0.818689 -1.319171 4.339026
-1.857308 1.954335 -2.793497
-1.290064 0.970176 2.986048
-1.283049 -1.43316 1.027611
-0.436829 -0.719058 0.381684
1.953697 0.290519 0.705465
0.554727 1.54279 0.046513
-5.589514 -5.397676 4.825052
0.824321 -0.174875 1.253431
-1.996951 1.961887 -3.852773
4.14107 3.085687 -3.271986
-1.74318 0.300644 -0.949529
4.712204 4.613633 -4.468805
-4.323218 2.266415 -2.089352
-0.740869 -1.82641 0.279891
-0.386004 1.961097 0.486795
1.301435 0.352317 -1.436104
0.544296 -0.353203 0.14291
1.284567 -2.028621 1.025307
-0.405916 -4.093792 0.399078
3.035694 -2.065175 2.75705
-1.039263 -0.547189 0.677067
-3.868116 -2.652106 -3.088532
3.28729 2.651176 3.585695
0.9526 0.937127 -0.977649
-1.463309 0.018928 -0.183266
-3.949151 -2.412991 -3.20018
1.500529 4.345348 1.48238
-1.020022 0.268483 4.501635
-2.790662 2.7279 -2.800918
5.33033 -3.862724 4.005145
0.144591 -0.910355 -0.520976
-0.451153 0.096275 1.897431
-6.455654 -6.217827 5.854632
-0.429328 -2.090802 -0.970117
-1.744808 -2.576902 4.266525
-0.320008 -0.302997 -0.689818
0.850392 0.767585 0.348243
-0.54233 0.415195 1.945354
-0.592916 0.530351 -1.579989
0.667566 0.289105 -1.270347
0.199793 0.569447 2.2556
1.912633 -1.343715 0.595035
-4.337364 2.301618 -2.417832
-0.533468 1.385984 0.403927
-2.945698 -2.165983 1.236018
1.691811 -1.965448 2.041309
0.720991 -0.331871 -0.519327
0.5275 -0.197295 2.015702
1.322917 -1.78053 -3.299079
0.905332 -0.145147 -1.264366
0.644773 1.296442 -0.213736
-0.483748 0.13786 0.205952
-0.479179 0.049781 -2.986341
-3.167272 0.171787 0.741275
1.523284 1.326139 1.817558
0.915954 -0.482485 -1.787798
0.70718 1.338746 -0.297707
-1.265185 0.038778 -1.714928
2.083593 0.068534 -0.824447
-2.429347 2.595155 2.454493
-0.556912 -1.523997 1.737718
2.265564 2.104087 -1.95603
0.025898 -1.376914 -0.860829
2.290515 2.725825 -1.882636
-1.18531 0.094431 0.200348
0.094003 1.060608 -0.532678
0.736697 -1.422003 -2.607104
-0.700849 1.079674 2.663612
-2.096708 0.454621 -0.595585
-1.777753 -1.371791 -1.785401
3.814747 0.905184 0.898786
-0.020181 2.838089 -0.139478
2.707661 -3.894163 -3.381525
-2.087482 -1.154741 -1.964389
4.074871 -0.725604 -1.36158
-3.030631 1.311054 1.731449
0.231451 -0.204444 1.510318
-0.868762 0.773717 3.481583
-1.332716 -0.740723 1.24518
3.79556 -3.050751 3.826865
-2.173907 2.108285 -2.956181
0.291727 0.298567 0.037267
-2.850947 -2.129258 2.13304
0.302464 3.340537 -0.807148
2.784386 -3.344342 -2.973999
1.259807 -0.735326 1.063014
-1.419288 0.604891 -1.277491
2.308086 2.266761 -1.243483
-2.174438 0.992782 -1.832858
2.063256 -1.472215 1.4282
-1.352941 -1.752165 0.256703
3.140867 -2.472178 1.539504
-0.140716 -2.955901 0.892111
0.861282 -1.72973 -0.171306
0.521563 0.461231 2.390972
2.366529 -3.184182 2.063102
-0.596086 -0.51745 1.117842
-0.455661 1.365345 -1.101031
1.202488 -0.705658 -1.788962
0.849304 -0.497897 1.004415
-2.703703 -0.148156 0.33389
2.154194 0.400635 -0.913493
-3.418665 -0.536683 1.250812
3.376889 2.882922 -3.848806
1.098137 -0.118417 1.91097
-2.998031 0.294417 2.674788
3.218768 0.556537 0.202999
1.736084 2.043772 -2.986677
0.11332 -1.814357 1.092821
-15.208954 -12.598101 -19.443907
14.611756 13.870337 18.675208
0.937915 0.604512 -0.642525
-0.745802 -0.961356 0.499956
-0.483938 0.51578 1.248488
-0.719043 0.541189 0.422158
-1.995764 0.694159 0.689725
0.249643 0.286647 -0.880596
3.111658 -4.627768 3.520735
-3.760239 5.766132 -3.865459
0.6182 -3.456873 0.762106
2.502109 -1.315335 -0.211597
3.468254 -4.606223 3.101502
-0.985948 3.649697 -1.065074
0.32957 -0.73935 0.815281
-0.679584 -1.107344 0.338757
-2.05796 4.085519 -4.280032
0.35017 -1.137779 2.517665
0.926984 0.143993 0.584366
-1.268273 -0.864494 -0.9471
3.154813 -2.174964 -2.352939
-3.177815 -2.247603 -2.419122
1.15068 2.363282 2.899293
2.18615 -1.046834 1.256478
0.589204 0.386796 -2.610533
0.097186 -0.023237 -0.824868
-3.034252 2.802051 -2.159391
2.458732 0.444406 -0.413603
0.470543 -3.406447 -0.747341
3.890849 -2.481541 2.652118
-2.005545 -1.684113 2.181865
0.187068 -1.115428 -0.494502
-5.750513 -6.266306 6.780162
1.310947 1.309189 -1.03169
-0.517494 -1.029968 -0.888612
0.242866 -2.454665 1.529925
-0.019284 2.311661 0.255797
1.76423 1.379344 -0.97835
-11.07485 9.118928 -8.166218
-2.461051 -3.414593 -4.344256
4.458 2.958936 2.330162
-2.284914 -3.268051 -2.091631
1.985595 1.090109 3.021943
2.067309 -2.153241 1.902933
-2.331663 -2.062164 3.163018
-1.744852 2.182538 0.974716
0.710285 -0.230692 -1.806847
-0.587345 1.333856 -0.744108
1.276345 -0.695266 -0.236851
-0.755064 0.626093 4.730318
-0.433025 -2.762362 -0.518997
0.514286 4.103223 -0.76988
-2.912565 -2.704243 3.040339
1.963461 1.167985 -0.995878
-1.154778 -0.618555 0.69018
0.221022 1.546377 -2.452961
0.515139 1.359874 -0.04453
-2.593118 2.386891 1.748238
-0.548733 0.221102 -0.382547
-2.658125 -2.588616 -2.748869
3.736927 2.827905 3.077069
-0.801636 -1.117451 0.59397
2.16385 1.315075 0.416666
0.482626 0.14203 -1.364124
0.333408 1.237631 -0.225326
-1.783479 -2.194006 -1.778802
2.105599 1.932457 0.535306
0.03131 -1.277441 -1.686703
1.24723 2.955155 1.520533
-1.325533 -1.006118 -3.600357
0.266343 0.265387 4.089095
-3.030521 2.794852 2.31433
0.549915 -0.932914 0.168045
4.58052 4.230949 -6.01735
1.211164 -0.073297 0.171397
0.472497 1.37906 0.606335
-2.536143 0.50569 -0.435819
1.697687 2.650108 -2.480535
1.534399 -0.645251 0.548011
0.218546 -0.280464 1.298467
-0.744786 0.580043 0.395258
2.627072 2.244697 -2.328507
-4.810615 0.485237 -1.062864
0.491165 -0.237213 -0.929403
0.191016 -2.747171 1.201366
1.048432 -3.837294 2.141097
2.74989 -0.503952 -1.965974
1.829564 1.766494 -1.281863
0.883892 0.276036 -0.405795
10.932278 -8.369907 8.457255
0.560058 0.33176 -1.617324
0.670205 -0.758756 -0.109145
0.669435 0.171337 -0.622731
-0.973172 0.047822 -0.038248
0.77436 0.815558 1.483221
0.894231 -1.123736 1.944008
-1.956676 1.370909 -1.901974
0.379851 -1.099827 -0.760262
2.505411 -2.150455 -1.356227
-1.180256 3.020132 -0.140732
1.248668 1.083505 -0.057738
-5.305197 -4.105014 -5.663574
4.393851 6.251516 3.664066
0.323691 0.262739 -0.360444
-0.167993 -0.554811 -0.343419
-1.33179 1.957727 1.338689
-0.862917 -2.269722 -0.545467
-3.627101 -1.843907 -1.257686
1.777114 4.268828 1.615347
3.011152 3.4598 -3.457185
-2.108051 -0.254194 0.480013
-0.707561 -0.019966 -0.584895
-1.146228 2.787262 -1.207108
-1.275673 -2.234359 -0.826706
0.927878 -1.048497 -0.214857
-1.495627 2.057716 1.286951
-1.642375 -1.027536 0.427233
0.959954 -0.405935 0.150698
-2.968487 3.485099 -4.445931
-2.422678 3.060745 1.581825
0.036588 -0.208512 1.512772
6.026948 5.505814 -4.641685
2.61146 -0.665649 -0.914576
-0.586342 0.350343 -0.187499
1.323987 1.185823 1.305727
-2.382218 -1.701115 -1.398204
1.564144 0.304249 1.380878
-1.08504 0.559842 1.744715
-3.593429 -3.609335 2.975527
-0.060272 -0.328769 1.521532
-0.761622 -0.516125 -3.203985
-1.31592 1.434619 3.149615
-0.269798 -2.544066 -0.025389
0.768339 -3.364024 0.892534
0.842491 -0.929876 -1.575877
-0.164332 -0.317929 -0.431805
-1.03295 1.825667 -5.563122
-0.785426 -0.605416 0.304298
-0.134303 -0.381156 2.858062
3.014396 3.180174 -3.36706
-0.849749 -0.210737 1.170944
0.165517 -0.296495 -3.481435
0.507816 -1.15816 2.282724
2.763924 -1.737146 1.544622
-1.775618 1.464713 -3.05909
0.577119 -0.350506 0.952553
1.17919 -3.694452 -2.965468
-3.325505 3.027389 2.510194
0.823086 -2.005488 -0.539415
-0.865306 -1.515045 -1.438755
1.217527 1.440689 1.462254
0.573198 2.183843 -0.393795
-0.669224 -2.321203 1.089316
-0.848391 -0.859201 -0.752272
0.378183 0.8051 -2.235086
-0.704438 0.562603 1.436857
-4.553406 -0.384497 0.153356
-0.704172 2.417737 2.149935
-3.33771 3.703437 -4.642139
0.048291 0.392854 0.982235
-0.034079 -2.026191 0.070495
-2.470117 2.474431 3.452171
2.295082 -1.621796 -1.767157
-0.772889 0.682458 3.287248
1.719303 -1.099431 -3.675519
-1.494881 -0.918237 -0.300921
0.755648 0.317942 1.526602
2.325167 -2.92148 2.96751
1.588541 -0.624568 -1.866091
-0.280915 3.20191 0.614349
-9.324886 6.583735 -8.401406
-1.300409 0.634019 0.874446
4.228989 -3.062866 -3.917264
7.50447 -7.937599 8.863647
-0.663737 -1.093133 1.990974
2.007473 0.288968 0.106884
0.463936 -0.472499 -1.706528
0.147295 0.426826 2.908609
-2.421894 2.377938 -3.297097
2.604077 -0.865954 1.35089
-3.211532 2.434768 -2.04692
1.394754 -2.535447 2.110984
-1.103493 2.431281 -1.44039
0.533997 0.667394 0.313814
0.14513 -0.921776 -3.48138
1.398678 -1.683453 1.882691
5.013313 -5.014785 -5.410687
-4.395672 4.985229 4.951804
-6.783158 7.859051 -8.167298
-2.636368 1.521777 1.660584
-2.517564 2.634175 -2.325213
-0.357033 -1.814948 0.837017
-1.553841 2.976256 -1.786172
1.423539 -1.292723 5.141037
-1.030374 -0.697483 -3.290824
-2.335309 1.781786 1.475427
-3.651586 -2.289812 3.371886
0.030637 -2.036754 2.431026
-1.136223 -1.017236 3.378674
7.747574 -6.360689 7.609426
-5.564147 -5.941355 4.514788
-2.708523 3.434211 3.52296
-1.16969 0.8293 -0.80646
2.31565 -4.763835 0.357891
2.409376 3.120585 1.781821
-0.219104 1.436633 1.918676
-0.360984 0.443171 -0.117937
0.333081 -1.206972 0.253673
-1.192887 -2.420102 1.038087
4.404789 -2.413628 3.628546
-0.086163 -0.9649 -0.620996
3.074693 -0.72317 0.765414
0.503925 0.514507 -3.003874
-0.928488 -0.498752 -0.558713
0.478284 -1.311031 1.822019
-1.584533 2.905665 2.344509
-1.273602 0.362664 -2.190068
2.479989 2.153587 -4.216319
1.799395 0.950199 -0.008471
-0.3555 1.066948 -0.228993
1.337638 -2.583507 -1.049016
3.460951 4.235178 -3.096577
-1.716993 -0.798041 0.942181
1.150794 -1.153265 3.371714
0.636644 -1.456698 -0.931596
0.288964 -1.052085 0.571436
-1.17306 0.167488 -2.99634
-2.850181 2.414114 2.224526
4.502705 -4.628676 -3.858774
0.08257 -2.443536 1.354439
2.089191 -0.181886 0.370209
1.377643 1.294281 -1.142904
-1.216529 -1.308118 0.251753
-0.249872 1.202409 -0.587999
-0.492997 0.56525 -0.094901
0.713677 -1.315296 -2.609655
-1.837484 -0.532089 0.491193
0.185617 0.072181 3.037144
-0.607646 -1.789455 -2.846331
0.680497 4.08357 1.02922
2.081709 -1.142305 1.195926
-1.480777 -0.792239 0.162951
3.510071 -3.021087 4.515419
-1.569117 -2.597554 1.216473
-1.437862 -0.732445 -2.208638
0.559989 4.282746 0.303333
-0.916191 -0.225935 -0.681843
-1.196486 -1.968072 1.555669
2.016079 1.708053 -2.164043
-2.099008 -0.657749 0.726935
-0.176879 1.445048 0.848272
0.493005 -0.624512 -1.44562
0.934759 -2.065408 2.758096
-0.890641 2.624473 -1.11185
-1.338949 0.816149 2.313766
-2.648548 2.351109 -2.599393
-0.379837 -2.326082 0.143355
2.347297 1.982838 1.121229
-1.848848 -3.647066 -1.870303
3.671741 2.442531 3.04944
-0.238119 -4.636442 -2.609809
4.660268 2.793179 3.079912
2.22665 2.61826 -2.03754
-3.202544 -2.285671 2.420509
-3.792807 2.345414 2.676466
-0.757999 -1.663625 2.279574
-0.212114 0.033253 -0.207468
-0.872042 -3.260335 1.003818
-0.603774 2.158712 0.521001
-0.983941 0.581872 -0.429102
-1.014654 -0.88206 -0.045849
2.504423 -2.848898 -1.352795
1.643863 2.307711 -2.63374
-5.081364 -5.897907 4.69725
-0.640268 -4.018889 -1.048847
2.339417 0.254589 0.680857
-1.213267 2.358537 1.936587
0.205993 -2.90636 -1.012246
-0.933082 -2.658515 -0.956357
3.299123 -1.06184 -2.136559
-1.070679 1.854246 2.235497
-1.061897 -0.348251 -2.873556
-2.00814 0.035386 0.67887
-0.641693 1.497529 0.048578
3.593336 -2.433578 2.240563
-1.533907 -1.814599 0.112272
-1.216075 -1.156027 0.175175
1.796696 0.360233 0.217123
-1.200353 1.738732 3.100415
-3.930156 0.17606 -0.537566
-0.401941 0.886438 -3.618311
3.086885 2.479571 1.842524
-1.082695 -1.381678 -1.1904
1.764155 0.939602 0.260636
-1.988712 1.177078 0.632511
4.451435 -6.80689 -5.817691
-1.708565 -0.342277 0.845456
-0.398454 1.337802 0.224908
2.946654 0.477202 -0.436479
0.461402 0.512253 -0.992171
-9.482363 -6.674221 -9.295517
8.356502 7.107303 8.308196
-1.939926 2.939278 0.931486
1.514513 -1.201157 -2.656764
-6.427858 4.581597 5.942535
-0.045957 -1.410357 0.398914
2.891371 0.190164 1.228188
0.967812 -0.614054 -0.469702
-2.863869 -2.37382 -1.467249
1.230495 1.101907 4.334385
-1.811483 0.879372 -0.025058
-0.836675 1.195871 1.610046
0.252013 -0.623683 0.609166
0.101329 1.306638 0.568726
2.35558 -2.374763 0.873177
-0.653664 -0.86944 0.607612
2.113305 2.097186 -0.768574
-2.519306 -2.841902 1.472257
-1.469656 -1.43103 0.165423
1.029389 -0.757313 1.360937
0.848102 1.00929 -2.692743
-0.454489 0.052025 0.430252
3.354713 1.361013 -1.598647
-2.644447 0.071153 -1.375932
-0.361958 0.265818 0.134652
0.108479 0.899358 -0.610287
-0.987204 -0.602963 2.15802
0.890365 -0.5742 0.001679
-0.469402 0.711409 0.032259
3.5257 -2.89177 -3.099086
-0.048741 -0.267534 -0.563433
0.289578 0.742712 1.728865
2.584425 2.442999 -2.025264
-1.826177 -1.8951 0.848027
1.248645 0.10472 -2.064512
-0.117971 1.070379 0.402018
0.352825 -0.537241 0.592875
1.633853 -2.000777 -2.401525
1.641276 0.446469 -1.914982
0.949961 0.327659 0.42314
0.296524 0.547852 -1.504014
-2.219001 0.086938 1.024048
1.820617 2.256229 -2.586453
-0.437368 0.09787 0.21906
-1.128868 -1.552234 -0.369438
-0.160508 0.072586 1.779768
-1.644873 0.390997 1.007697
-1.453164 -2.714447 1.733293
0.436211 -3.500406 1.257214
0.176016 2.79398 0.327782
-4.227085 0.892244 1.095619
2.463404 1.204394 1.368744
3.240452 1.938787 -1.186119
-2.510093 1.692989 -2.238545
3.040133 0.702917 -0.153149
2.314454 -1.948633 -2.675661
0.729544 -0.226844 4.214973
-1.89588 0.309528 0.159981
-2.287304 2.625562 0.759995
0.205295 0.080392 2.253107
-0.123219 0.193231 1.275439
1.02097 -2.162572 -2.110346
6.424305 5.584904 -5.871825
-2.412291 -1.572344 0.568825
2.005906 0.238383 0.55213
-1.978528 2.215312 -1.08998
-5.865745 -4.273659 -6.403094
8.151156 5.775122 5.959042
2.886778 1.543048 -1.234963
-0.297946 -0.302231 -2.066437
0.575023 -0.033215 -2.008319
0.677036 1.821533 0.888028
1.81145 -0.693481 0.153391
0.211036 -0.099358 -2.086338
0.120958 -0.617551 0.042028
-2.196602 -1.158195 1.235777
0.655981 -1.04759 1.905057
-3.143353 2.517789 -4.440617
-0.908626 2.11075 1.475129
-1.672127 0.888282 -0.481551
-10.59745 -13.501467 -9.248603
11.129005 13.162708 7.70388
1.506512 -1.08919 -0.566404
-3.127449 4.333415 -2.337662
0.319127 0.711113 0.342618
-0.620865 0.216803 -1.860223
1.167923 -1.452904 1.501184
-0.878154 0.205259 -1.932772
1.065783 1.609351 0.584836
-0.387893 -0.762452 0.170524
0.918501 -0.823866 -0.494739
0.558622 -0.390727 0.892008
-1.623915 -1.97704 -1.978943
1.869225 2.626335 2.761141
-0.404822 1.180372 -0.817856
-1.246458 1.107966 -0.545676
-0.14914 0.932655 0.558849
-1.014182 -0.699418 0.495738
0.287629 -2.05774 0.884903
1.561217 -0.069517 0.437624
0.333122 0.639902 -0.017701
-2.015351 2.235905 -2.803617
-2.766522 -3.378773 -2.687629
3.483599 1.575441 1.515085
-0.542026 0.508976 0.879276
-2.303851 -2.585627 2.824569
-0.694592 1.077006 1.522304
3.495337 -6.876471 -4.14907
-0.540875 0.116768 -0.321706
-1.390573 2.116941 -2.740035
0.000194 -0.354466 -0.039971
0.425433 1.483834 0.243593
0.639935 -0.922407 -0.722764
-0.480993 -0.906103 1.035851
-0.007767 -1.387162 -1.124258
2.36694 -1.973018 -3.42531
-5.784691 5.218921 5.385323
-0.959835 -3.025869 1.488432
-0.150249 0.766958 0.41842
-0.506805 -2.704163 0.505075
0.489176 -1.796077 1.150992
1.120692 1.384552 2.079156
0.202971 1.262823 0.024626
-0.261781 0.277543 -1.098303
-2.289216 4.783961 2.498522
-1.925292 -1.909385 1.766267
0.954942 -1.083652 -1.132373
-1.445843 -3.144964 2.51296
0.527813 1.62518 1.219256
-2.423314 -0.020732 -0.160844
2.225303 3.782824 -2.706369
0.942084 -1.39061 0.020661
1.788799 3.335127 -1.919179
-2.676501 2.684272 -2.923348
-1.946991 -0.933795 -3.617822
2.012173 3.710582 2.260698
-1.624489 -3.243657 -1.463928
0.77114 1.081144 1.151539
-0.091478 0.834211 -0.923185
0.479081 1.278292 -0.587666
-1.659983 -2.230465 -0.162779
1.620012 1.323231 1.432299
-0.139156 -0.107344 0.636231
0.061997 -0.03693 -0.241109
4.701134 -3.197259 2.127656
2.096524 -0.79882 -0.774182
-6.888123 -7.492126 -7.000215
8.17089 6.759811 6.062302
-0.581262 -0.484158 0.917146
0.734056 0.083418 0.89702
0.677017 -0.323576 -0.075022
0.854349 -1.484506 0.188299
1.759657 1.890712 0.076728
-2.05398 -1.661054 -2.118997
1.914228 0.748257 1.311726
-0.842286 -1.360418 0.122345
1.40562 1.076983 -0.790962
-0.79219 0.054416 2.60537
1.832045 -2.469903 -0.939756
-1.83013 0.335162 -0.153341
-2.013723 1.476563 -0.602571
3.435641 -2.9979 4.034022
1.038543 -4.545826 -1.207409
3.296558 -1.426174 0.551423
-0.688704 -1.513341 0.50588
-1.260757 0.742176 -1.514851
1.381354 0.630719 1.343494
0.161701 -0.921515 0.016651
0.049593 -0.304697 -0.731494
-0.970339 -1.134387 -1.109377
0.98659 0.541138 0.372368
2.126296 1.673723 -2.191754
1.450966 0.158101 -0.420409
0.37096 0.937925 1.3944
-0.105841 -0.691373 -1.671125
-1.525515 0.728984 1.93448
-2.037791 0.963261 -2.5162
-1.487078 1.235282 0.731077
-2.412143 1.378903 -1.730298
-0.141562 -2.553114 1.703703
2.867428 1.37212 1.729545
0.438767 -1.459038 -0.613533
1.072716 1.763223 1.186916
-4.569747 -4.472503 -3.84356
4.416434 4.328007 4.009325
-0.313025 0.805094 0.685905
3.407563 -3.006267 -3.550218
1.435994 1.337563 -2.747374
-1.949032 -1.926845 3.968604
1.24035 -2.18912 1.479168
1.321436 -1.786512 0.258825
-2.944082 2.770841 3.235944
0.838981 -0.987423 -1.100963
-0.186498 1.021478 1.384454
-0.405162 0.946177 -1.238271
0.604652 1.80057 0.740666
-0.529307 0.521616 -2.064832
-0.453606 -1.267752 -0.645932
1.708961 0.459747 -0.441612
1.189054 1.031158 -1.292705
3.426156 -2.725521 -3.813309
-2.649587 3.499509 3.393789
1.915826 -0.176418 -1.404436
-1.428203 -2.731123 -2.015872
2.562443 1.999174 3.25242
-0.33877 -1.282412 0.718982
-1.197492 0.080661 1.162783
0.137533 0.677891 -1.124339
0.576804 0.131687 0.67896
1.102275 0.236444 -0.617313
-2.173929 1.216543 -0.111795
-0.981782 1.675501 0.652478
-0.228131 -0.487731 0.719926
-1.988277 -2.279859 -1.692087
1.85755 2.693719 2.482592
-4.174028 3.696311 3.057658
-2.472838 0.310685 -0.583912
2.228086 -1.153828 0.016392
-3.164447 -0.872952 1.504562
-0.128524 -1.024053 1.688492
0.079887 -0.937783 1.083437
2.512364 -0.79181 0.893312
-1.632402 0.884009 -1.513362
-2.172863 -0.217753 -2.253683
1.827753 3.812263 1.259461
-3.277302 -1.107883 -1.271035
0.855216 0.575405 0.379323
0.473573 -1.680722 1.086664
-0.048296 0.804945 0.074724
-0.539611 -0.296392 2.569744
0.060211 -1.342839 1.206365
-1.636119 -1.450829 0.293355
0.646906 1.431236 -4.138548
-2.481227 3.462368 1.263068
-0.065838 -1.493326 1.797435
8.773893 3.078617 -5.211923
-2.14043 -1.609709 1.103094
-4.793007 -5.958614 -4.441969
4.615801 4.896016 5.919568
-2.352433 0.188842 0.112752
-0.559693 3.209032 -0.459836
0.750824 -1.266652 0.376776
-1.848425 1.718631 -1.619804
0.643367 -1.527077 2.118505
0.79491 -2.210929 -0.242017
-0.36519 1.037789 -0.032264
-1.716855 -1.186845 1.425334
1.566686 -0.02786 1.357247
-1.283071 -1.007951 -1.160474
-2.606045 -1.726438 -0.784172
1.87512 0.957041 2.486275
1.540577 0.408106 0.866862
-1.729976 -1.302271 -0.446434
1.96988 0.401414 0.037401
0.467692 -2.053791 -0.103392
-1.340206 1.123463 0.079287
-10.091329 10.115397 -10.272442
2.804836 3.495241 -2.171292
-0.800712 -0.754051 -0.8451
11.651046 -9.155834 8.711353
-3.575963 2.899934 -3.324902
-3.2193 -1.322197 -1.36541
2.118288 2.168858 1.48618
-0.855861 -0.847403 -1.326683
-0.549564 0.790142 -1.019529
-1.596729 0.480924 1.526276
-0.119971 -0.91286 -0.417425
1.82292 -1.938788 0.508559
-2.082797 1.876194 -0.786234
0.566661 0.53775 1.327921
0.693764 -1.929442 -1.433404
-3.327617 -1.774776 -1.902828
2.334284 2.876434 2.928963
0.737185 -0.215947 -0.634572
1.288917 -1.037501 -0.357511
-1.256597 0.165296 0.234914
2.0264 0.676891 -0.408644
-0.049287 -0.123174 0.634433
1.495236 -1.096097 0.021054
0.275658 1.276186 -1.101387
-2.12608 2.537839 -1.746771
0.901511 0.139703 -0.891388
-4.879756 -7.458839 6.794067
1.827432 -1.704899 1.79853
0.004455 -0.188391 -1.141282
-0.729934 0.281887 0.617726
-3.145336 -2.935767 2.238508
-0.087777 0.776255 0.690109
6.562583 -5.500881 -6.432753
-5.380155 5.217162 6.448086
0.759162 -0.472299 -2.898082
0.334794 0.760229 1.021812
-2.045577 -1.99454 1.992988
-0.756849 1.741565 -0.172921
-2.00053 -2.576874 2.034378
-1.62576 -1.253831 -1.915135
0.749295 -0.5102 1.256806
-0.978819 1.334143 -0.047147
0.738847 -1.308849 0.935189
3.804721 4.699533 -3.67305
-0.846598 0.498316 1.654143
0.305709 1.273803 0.397482
2.110246 -0.389212 -0.860722
2.05048 1.726909 -3.168427
1.943517 0.514318 -0.154316
0.447368 1.012957 -0.447008
-0.356597 -0.909633 0.359159
-0.749522 0.43003 1.965964
2.424015 -3.061959 -4.030932
-0.714948 -1.411092 -2.220241
-2.750999 3.517841 -2.618646
1.840301 0.867398 -3.091961
1.188143 -0.70102 1.357567
1.150476 1.956535 -1.141863
-0.68019 0.229708 0.011132
0.013688 1.25926 -1.311651
-0.453486 -0.540146 -1.499302
-2.835946 3.222983 3.035491
-0.303606 -0.661127 -1.543219
0.938955 -1.351994 -0.455471
0.462672 1.480883 0.847657
0.648973 1.23307 -2.162219
3.577451 -5.223519 -3.621509
-0.826407 1.128067 0.307032
1.503695 0.82011 -0.177603
-0.310228 0.478927 2.554897
-0.164493 -3.663385 0.101314
0.531796 0.693936 0.63054
1.114201 -1.641775 -2.071994
-1.224247 2.382576 1.729605
-1.61562 -1.520277 1.481414
2.269627 1.412839 0.091609
-1.382983 -0.801632 -0.32544
-12.073052 -13.469889 -12.520476
11.929164 12.976931 12.140311
3.535797 -2.823581 3.31631
-1.585599 0.352031 -0.123737
0.486831 0.41606 0.167858
-1.859159 -0.897773 -0.63879
-0.217104 0.318074 1.248483
1.407576 -2.169204 -1.787028
0.316801 0.760878 -2.327988
1.31107 -0.080572 -1.079851
-2.257773 -2.197583 -2.584797
5.3587 0.91871 0.120212
-3.029742 3.02611 3.214271
-4.166205 -4.843707 4.287309
-1.764517 1.592188 0.360262
1.064823 -1.935978 -0.248185
-0.445598 -0.848179 0.113434
-0.546034 -0.111155 -1.829282
-4.674543 3.526044 3.931251
-4.505168 4.415301 -3.965003
0.486387 0.453255 0.75287
0.731361 0.423255 -0.104436
4.470905 -2.7817 3.709684
-0.659134 -1.793052 1.001252
0.256776 1.871242 1.585816
-0.668114 0.35434 -1.788272
-2.769225 -3.939874 -2.938921
2.364671 1.539687 4.838695
3.131986 2.957311 -2.348202
-0.605735 -1.008775 0.968949
0.137247 1.617312 -0.314218
-1.423878 0.281612 0.560826
-0.516485 0.386845 -2.822235
1.130272 2.87375 0.794184
1.285286 0.896105 -0.64582
2.025312 -0.489956 1.384894
-1.649358 2.235054 -3.035184
0.0044 -1.140851 1.158124
11.040357 -11.476342 -11.700314
2.99784 -0.431392 -0.02686
-0.776838 -0.240517 1.006708
-3.715603 2.280729 3.242015
1.261418 1.408521 1.128914
-0.207378 0.855262 -2.806772
0.034603 0.401248 2.596013
0.090335 -3.732778 -0.03069
2.014912 2.246483 1.385248
-2.377358 2.88426 2.429611
-1.252585 -2.025782 1.338726
1.40129 1.635254 -0.568143
-1.347871 -0.506081 0.199887
2.87117 -1.019747 1.276226
-0.592242 -0.819168 2.691271
0.209048 0.242863 -1.797477
-0.898355 -0.264548 0.223776
0.776539 0.076736 -2.748399
3.621028 -2.556607 -3.048324
0.155022 0.964165 -0.977474
10.064116 -8.754184 -8.742461
-0.574662 -1.373981 1.151206
-5.726524 6.603722 -6.172932
6.88956 5.924531 -5.727446
-0.910275 0.958378 -1.648682
6.398574 -6.750417 7.028904
-0.719166 1.253441 0.126087
-1.44552 1.282233 -0.617286
-1.733108 2.779472 -4.061902
-11.359902 11.440664 10.820082
-3.26254 -0.9774 1.251242
-2.570354 -1.262931 -1.158481
1.684623 0.783879 1.999204
1.914249 -1.830043 2.556406
-1.225438 0.011943 -1.309777
4.123679 1.815883 -1.810401
1.222226 -0.864387 -0.933866
-0.79878 -0.149425 -1.174719
-1.203538 -1.901571 2.117608
-0.952568 -0.043571 -0.51206
0.089621 -0.038598 1.899823
-8.130563 10.104592 8.352556
2.00524 -2.390604 -1.765705
0.240789 1.049098 -3.708728
0.069831 3.412359 0.552641
1.193206 0.860205 -0.681627
-0.911378 -0.340484 -2.265234
0.559944 -1.380152 1.640741
-3.057204 0.51166 0.189079
-0.718208 -0.184555 1.979926
-0.045169 1.458285 0.590252
-0.099022 1.606047 2.01615
-0.53343 -0.80003 -0.750529
0.469941 -0.465568 0.84435
2.041535 -0.638727 -0.489865
-1.216437 0.595525 1.756408
-0.186096 -1.022815 -1.607587
-0.873583 -0.447439 -1.313239
1.298393 -1.151389 -0.562256
1.545728 -2.732968 1.857115
1.961756 -2.859594 -2.27411
-1.746334 -3.952041 -0.99628
0.627161 -0.340971 3.700383
1.266917 0.946194 1.141979
-1.593656 -1.07601 -0.218767
-2.464824 -3.125201 -4.054203
4.825898 2.128102 2.610474
2.019455 2.644854 -0.518694
-2.068005 1.148199 0.297644
0.201453 -0.23823 -0.129553
0.24438 -2.587155 0.061987
-1.458279 2.090996 0.013659
1.678993 0.62228 0.140508
-1.201647 -0.327647 -0.930201
1.569049 0.550624 0.549889
2.053742 1.43013 -2.058591
-2.241619 3.145519 -3.443948
-3.29243 -3.524241 -3.588517
2.784389 2.789991 5.00996
0.433154 0.195775 -2.656768
0.788965 0.058922 2.628918
-0.567912 -0.479621 -2.128373
0.527713 1.151362 0.711526
0.205058 1.820033 -0.272752
0.027514 0.200183 -3.612649
-1.597267 -1.795598 -2.202081
0.40295 -0.088397 1.804461
-2.384995 -0.354802 0.190467
4.197679 -2.719405 -2.852897
0.534673 -0.886695 -0.656592
-4.791672 4.64029 -3.626612
2.238003 2.837787 -1.813374
-1.1624 -0.432048 -1.60775
-3.806137 4.556642 4.784298
-1.094284 1.066219 -1.869493
4.155356 -4.612156 3.9679
1.028976 -1.847026 -0.860911
-0.550079 -1.209698 1.400887
1.573946 -0.248493 -0.76003
0.3807 -1.004539 0.945344
2.422924 -1.552215 -2.22233
-0.842523 -1.166471 -2.079315
2.172598 0.237066 -0.08714
-2.143566 2.195617 1.065995
2.268761 -1.005927 -2.110179
-0.373073 1.359547 0.810951
-0.56996 -1.815096 -0.386159
-2.600767 -0.768566 -1.103501
1.464963 1.943737 2.63204
-3.808436 -4.785049 -2.76319
3.424059 2.812639 4.427794
0.004638 -1.595492 0.757695
3.638995 -1.089317 -2.346963
-0.184949 0.685289 0.859433
-2.147952 -1.308426 1.228991
-0.009287 1.155318 2.256773
-1.54836 0.739073 -1.483904
-3.468608 2.353631 2.142249
1.68041 -0.532726 -0.443412
-1.305236 0.577849 0.902866
0.171727 -0.643825 0.243929
-0.677626 1.911539 0.368861
-1.188695 -0.578779 1.301479
-1.242109 -0.879534 -1.018809
-0.039004 2.777447 -1.017099
-2.050914 0.451794 2.023052
-0.274505 0.294248 0.702946
-0.704343 -0.983814 -1.172129
1.668083 1.812958 1.403512
0.321976 -1.141149 0.468097
2.053148 -3.108775 -2.06377
0.995561 0.682082 0.562103
-1.679641 0.648058 -1.126693
-4.281184 -1.59113 -1.040482
4.463011 3.317617 2.997823
-1.480777 -1.837282 -0.063882
0.710018 0.357995 2.018985
-5.439707 -3.867693 -3.984068
1.986816 1.657904 4.986375
-2.459653 1.654189 2.846392
-4.543452 4.344954 -4.370587
3.459378 -4.904585 5.031307
-0.923843 1.504041 -1.376172
3.269217 -3.209787 3.450696
-0.78917 1.728698 -0.859757
1.165604 -0.940473 1.338757
0.739084 -1.263304 -0.578456
1.584286 -0.837606 3.041503
-1.069522 1.209181 -2.318376
0.435724 -0.068855 0.890789
-1.97272 -0.622329 1.239363
3.213992 -2.849318 1.655071
-4.010566 1.821884 -2.379375
1.554098 1.243865 -1.542469
-2.487512 2.178566 -3.285562
1.028864 0.545602 0.32278
-2.281532 2.004831 -1.576502
-1.601302 0.558391 0.723208
0.837604 0.068815 0.453948
-0.895786 -1.079072 -0.473433
-1.189867 1.707278 1.426344
0.080581 -0.224937 -0.083816
-1.403156 0.235006 -1.167697
0.501065 -3.277182 0.994116
1.850121 0.713476 2.670478
-5.670297 -6.772922 -6.239623
5.600104 5.808589 5.492698
-2.867218 -0.156854 -0.757354
-1.725798 -2.354473 2.97183
1.236226 -1.130923 0.855806
-7.493313 -6.049247 5.738812
0.511271 -0.347069 2.344023
-0.392398 -2.280455 0.772633
-1.783996 -2.306353 -0.953922
1.778821 0.92616 2.619266
-0.067484 0.109114 -1.677935
-3.580838 5.302693 -4.459752
-1.437523 -1.676993 -3.380437
2.802485 2.533675 1.585145
0.589996 0.690269 -0.313691
5.813154 -6.225157 -5.379728
1.186311 -1.768162 0.863362
-2.096939 2.904832 -1.230983
3.0958 -0.39157 -0.904447
-0.768461 1.589301 -2.516118
1.773069 -0.301568 -0.481458
1.70301 0.316973 -0.43649
6.076628 -5.451201 5.459748
1.744069 -1.866889 -2.607842
-0.404772 0.489715 2.436299
-1.258382 -1.283036 0.948719
2.561637 -0.86602 0.286624
0.223975 0.125871 -0.281009
2.904088 3.843124 -3.246114
0.401919 -0.861546 -1.624969
0.742925 -0.929185 -1.191188
-1.535062 2.122227 -0.371918
-0.534842 0.495528 -0.14125
-0.543577 -1.444173 0.948049
0.625708 0.45834 0.206734
1.156359 -2.516354 -0.182551
-4.783669 5.555431 5.536972
-0.41645 1.177035 -1.964894
-0.637764 1.98488 -0.184841
-1.894496 -0.615771 2.363454
-1.449426 1.506267 0.957423
2.86498 -1.999216 -1.381063
3.903237 -1.03541 3.004635
0.650369 0.722074 -0.271301
-2.884621 1.217608 1.810666
-0.773379 0.114968 0.818595
-1.966656 0.387841 -0.676107
-1.213767 -0.517364 1.949858
-0.192831 3.011906 -2.699751
