0.835772 -0.981919 0.561087
-0.306034 0.28623 -0.214725
0.571183 0.328308 0.25203
0.259435 -0.979193 -0.282999
-0.861323 0.230615 0.246556
-0.499033 1.115959 -0.561949
-1.322185 -0.01534 -0.166453
1.593069 -0.246661 -0.374318
-1.601678 0.237566 -0.404687
1.531411 -0.185585 0.858796
-0.665501 1.140978 -0.256761
0.464884 -0.930957 0.343423
-0.316712 1.080371 -0.237006
-0.795807 -0.036693 0.661695
0.558445 -0.19041 -0.39065
-0.075344 -0.241804 0.01633
0.16146 0.331312 0.646478
0.467958 -0.942775 -0.696846
0.088688 -1.665965 -0.946859
0.494215 0.859822 1.336339
0.538101 0.094212 -0.688827
-1.016003 0.408401 0.412502
1.19049 0.100901 0.215047
-1.295491 0.202629 -0.328202
-0.260074 0.227022 -0.687836
-0.237797 0.251831 0.617397
0.505752 0.147912 -0.198882
-0.529875 -0.33518 0.06613
-0.577228 -0.975876 -0.539138
1.099222 0.684291 0.742329
0.086503 -0.006784 0.747916
-0.488558 0.419342 -0.388061
-0.126538 -0.666989 -0.492045
0.282633 0.413976 0.404996
-0.30152 1.067824 0.044493
0.54748 -1.227369 -0.317298
-0.356868 0.383512 -0.736674
0.70109 -0.619302 -0.460976
-1.021178 0.197939 0.945227
-0.223738 1.039164 -0.677352
0.456745 -0.691952 0.624491
0.44395 -0.309361 0.305283
-0.324002 0.053565 1.222025
-0.229545 0.540213 -0.080358
0.229029 -0.67692 -0.719476
-0.160219 0.62251 0.019194
0.418346 -0.11262 0.936385
0.066391 -0.426748 -1.377771
-0.32201 1.218174 0.299864
0.146546 -1.061267 -0.8643
-0.120525 0.332966 0.411707
0.561179 -0.868369 -0.054558
0.309451 1.78032 -0.131532
-0.57464 -1.401823 0.338819
-0.611178 0.301879 0.111522
0.702187 -0.410365 -1.03046
0.408022 0.011668 0.260108
-0.312189 -0.110594 -0.662922
-0.440348 0.386706 0.619459
0.253506 -0.179294 0.702293
-0.475397 1.305469 0.469477
-0.229497 -0.539952 -0.513675
-0.373902 0.468592 0.767506
1.139189 -1.156723 -0.727552
-0.171752 0.966429 -0.253232
0.111359 -1.043815 0.257476
0.564555 -1.000953 0.165646
0.345729 -0.154962 0.807439
0.756393 1.255921 -0.9044
-1.413379 -0.356233 -0.349747
-0.226658 -1.478175 0.71935
-0.02664 1.734401 -0.438288
0.366167 0.193528 -0.309817
-0.366167 -0.193528 0.309817
-0.115302 0.049753 -0.145981
0.260816 -0.129539 0.390716
0.67649 1.175852 -1.112553
-0.849611 -1.07619 1.341266
-0.218241 0.122486 -0.956232
0.245848 -0.142361 0.482783
0.396206 0.224389 0.019648
0.103966 -0.648971 -0.395372
0.520228 -0.196624 -0.06037
-0.415566 0.269555 -0.107782
0.171897 0.685737 0.802416
-0.776731 -0.334087 -0.25854
-0.595849 -0.001154 0.018064
0.41792 0.180351 -0.077259
0.277002 0.575897 0.119519
0.052854 -0.934954 0.187801
-0.57625 0.352493 -0.256354
0.424323 -0.172633 0.008228
0.059655 0.121597 -0.610394
0.075796 -0.420874 -0.537014
0.388794 -0.160004 0.186139
0.04896 -0.19532 0.283956
-0.962759 -0.109219 0.502908
0.389553 0.76382 0.174405
0.488075 0.006886 -0.57025
0.278581 -0.80933 0.429664
-0.43502 0.614347 -0.502386
-0.531118 0.286347 0.235226
0.767331 -0.289449 0.319402
-0.567849 0.191199 0.088343
0.873341 -1.585922 1.039093
0.237554 0.574925 -0.766046
-0.088112 -0.463738 1.235664
0.374582 0.086563 -0.137701
0.571173 1.001467 -1.288787
-1.968539 0.386705 -0.082223
-0.307928 -1.423667 -0.167766
-0.109431 1.678558 -0.888902
0.689273 -1.821435 0.29479
0.196977 0.991585 0.553764
-0.414913 -0.528849 -0.738904
-0.053978 1.103808 0.947018
0.397678 -1.177344 0.032975
0.003127 0.761764 0.43622
0.332411 -0.152501 -0.699758
-0.220661 0.064327 1.059035
0.906767 0.444314 -0.597152
-1.419321 0.05944 -0.231319
-0.771169 -0.372065 -0.952213
0.685023 0.30382 1.20916
-1.212581 -0.847861 -1.694895
1.139544 0.967539 1.654876
-0.886967 -0.702187 -0.456635
1.04615 0.650754 0.239706
0.312161 -0.375151 -0.376277
-0.767597 0.6817 -0.659549
0.455235 -1.165231 0.411009
-0.126543 0.934216 0.686295
-0.620701 -1.468026 -0.755104
0.747445 1.392491 0.693626
-0.213282 -1.259334 0.604353
0.508532 1.018921 0.146302
0.408119 -0.014686 0.427137
-0.29056 -0.308663 -0.249961
0.111654 -0.059511 0.363316
-0.524464 0.623272 -1.291147
0.550968 -0.906304 0.278476
0.021592 0.412781 -0.071095
0.848229 0.50377 -0.455255
-0.739278 -0.691041 0.783224
0.027199 0.111309 -0.068702
-0.70871 0.569484 -0.466648
0.821962 0.827391 -1.802335
-1.715322 -0.133137 1.510574
0.870237 -0.918534 -0.828646
-0.621055 0.825672 -0.411992
0.531117 -0.823968 0.419349
0.113061 0.222578 1.11305
1.306782 1.573859 -0.55636
-1.264898 -1.647798 0.498378
0.356754 0.702304 0.527877
-1.00255 0.082478 -1.09061
0.03256 -1.135122 0.552003
0.571351 0.424278 0.068712
0.70852 -0.400016 1.285425
-0.312071 -0.002603 -0.749545
0.575416 0.675983 0.482078
-0.741159 -0.324009 -0.76176
0.157378 -0.246039 0.518015
-0.388083 0.296685 -0.774214
-0.311938 0.91409 1.926487
-0.76887 0.040005 -0.714081
0.474058 -0.171283 -0.510188
0.266099 -0.346811 0.747729
-0.661097 0.049694 0.361363
1.001748 -0.485695 -1.81131
-0.593807 -0.780495 0.7151
1.371387 -0.036872 -0.119145
-1.008243 0.787468 -0.457007
0.380483 -0.087319 0.100362
-0.307069 0.223116 0.607544
0.157249 -0.105897 -0.846854
-0.174788 -0.522032 0.908961
-0.008249 0.837942 -0.047866
0.455538 -0.363694 -0.59198
0.038673 -0.146697 0.517586
-0.643529 -0.51022 -0.612147
0.332356 0.704701 -0.174553
0.043715 0.178302 -0.352464
0.000798 -0.147966 0.319206
-0.293715 -0.294408 0.015622
0.516928 0.108534 -0.318815
1.236419 -1.457098 0.99834
-1.504146 1.612636 -0.66189
0.467386 -0.498473 0.272492
-0.156799 0.209464 0.144753
-0.119628 -0.067935 0.276086
-0.362337 0.510378 -0.671906
1.009505 0.300331 0.127643
-0.838127 -0.453765 -0.149068
0.501378 1.024795 -0.117417
-0.501378 -1.024795 0.117417
-0.839036 0.306491 -0.241591
-0.474388 0.731086 0.146636
0.850983 -0.229749 0.493248
-0.188149 -0.365937 -1.187654
0.16914 -0.478232 -0.251019
0.481451 0.036341 1.040379
-1.283741 -0.438853 -0.553707
-0.472172 2.297968 -0.686379
1.138729 -1.338501 1.856876
0.417051 -0.150401 -0.131499
-0.729503 -0.513646 -1.257122
0.929636 0.143433 0.771831
-0.573421 0.471844 0.194611
0.258882 -0.032826 0.321413
-0.037567 0.081748 -0.365494
-0.292353 0.328564 -0.169598
-0.121751 -0.543224 0.24855
0.766209 -0.306105 -0.229482
0.274746 -0.021587 0.278598
-0.136065 -0.020112 -0.610261
-0.006957 -0.090191 0.611381
-0.668169 0.644181 -0.754645
0.408727 -0.873922 0.203379
0.127718 0.361631 0.271548
0.154936 1.459444 -0.104788
-0.771352 -1.054419 1.594048
-1.113123 -0.838194 -1.838944
1.599121 0.654069 1.398391
-1.116862 -0.22345 -0.374389
1.247279 0.00255 -0.674318
0.681162 -0.573558 0.055211
-0.429029 0.425349 -0.614296
0.057702 -0.385087 0.30883
-0.041733 0.125485 0.339596
0.315831 0.431639 -0.211639
-0.583932 -0.023827 0.122299
-0.013825 -0.066512 -0.037192
0.25267 0.109997 0.513528
-1.260594 0.967716 0.409251
-0.262835 0.583883 -0.33175
0.80865 -0.285255 -0.200353
0.475933 -1.309829 -0.353484
-0.911004 -1.269971 -1.163233
0.44349 1.54377 -0.051278
0.352635 -0.783152 1.579729
-0.116863 0.538127 -0.755601
-0.220681 -0.941574 -0.679941
0.452422 0.9128 1.070323
-1.233822 0.492009 0.247552
0.843339 -0.094262 -1.043341
0.269138 -0.049885 0.935181
0.428481 -0.602016 -0.690063
-0.83349 0.677671 1.003577
0.526354 -0.423516 -0.452906
-0.483127 -0.57624 0.195675
-0.36708 1.543156 -0.45026
0.502359 -1.146208 0.368007
0.689047 -0.216806 -0.290704
-0.139229 0.609928 0.193603
-0.20197 -0.21383 -0.016322
-0.881795 -0.891567 -0.145297
0.670818 1.110604 1.41177
-0.735411 -1.157331 -1.495323
0.283644 1.399495 0.552183
0.088062 -0.975983 -0.613803
0.574682 0.514781 0.290469
0.047016 0.577484 0.920607
-0.348041 -0.324372 -1.716133
-0.127545 -0.142341 0.909087
-0.021808 0.46893 -0.032335
-0.535436 -0.990486 -1.15194
0.985814 0.410786 1.070714
0.068511 -0.3759 0.423482
-0.134672 0.383213 -0.429185
0.119317 0.476004 -0.14573
0.225971 -0.748926 -0.078545
-1.098306 -0.382857 -0.510342
0.819179 0.648466 0.740319
-0.024993 -0.489698 -0.983801
0.945414 -0.623084 0.012399
-0.852823 -0.738656 -0.595972
0.631847 0.753469 0.883094
-1.352838 -0.015658 0.974547
0.653393 1.113626 -0.290265
-0.809257 -1.200612 -0.699194
1.130458 0.96007 0.559871
-0.235822 0.087604 -0.401686
0.032064 -0.111991 0.417278
-0.01026 0.083605 0.0298
-0.107182 0.181326 0.09393
-0.031315 0.497505 -0.042928
0.330782 -0.722047 -0.099532
-0.14675 0.408771 -0.553895
-0.095886 -0.289512 0.174927
-0.466499 -0.218387 -0.305589
0.409669 0.32367 0.827018
