# End points of segments:
#   0.00000000 0.17357650 0.23494500 0.41905060 0.56937230
0.00000000, 0.09427769189826644
0.010833403617207736, 0.2545373468220414
0.016433689493502733, 0.41953883427311095
0.02501796741519512, 0.6976983946086578
0.030243133969345477, 0.8674230826320982
0.03621641885131514, 1.0465693291937277
0.044436179033212696, 1.2351122916869814
0.0530315886163724, 1.4142150636871278
0.06162699819953209, 1.5933178356872724
0.06723205478788452, 1.715866413851741
0.07583170500398415, 1.8572332664860196
0.08330970780747227, 1.9797507913922854
0.09266065682609616, 2.1022372630403496
0.10239096579980463, 2.182264614750175
0.11100174767737156, 2.22457467904905
0.11886706162270665, 2.2338782352060735
0.1271048444945989, 2.262043540394389
0.13572145724245827, 2.252466715565198
0.14396666122199542, 2.2145941618632463
0.15408322117931583, 2.1908415246652937
0.16232471460503048, 2.1859879004084752
0.17357650, 2.1858015808592692

0.17357650, 2.1952479820040174
0.184048770384135, 2.204495642296277
0.1956578564432716, 2.2326050516198324
0.21250907158831828, 2.2794954715033566
0.224490626574012, 2.326466629858205
0.23494500, 2.3451234273853734

0.23494500, 2.3450923741271708
0.24921139629733374, 2.3449246865328863
0.2593253058590666, 2.3447569989386015
0.2690656863360074, 2.3351615421544887
0.2788081871294182, 2.3066981256874426
0.2874290405102175, 2.259385381492384
0.29755249149606516, 2.174311875324895
0.30730029308065093, 2.0986785596505153
0.3185517524285201, 1.975850502162238
0.329432863166302, 1.8152927359597368
0.33806219781298114, 1.6925081530329424
0.3451947657249038, 1.555597442950511
0.35232786371594443, 1.4139697429473423
0.3598360810291298, 1.2676188423718004
0.3673442983423149, 1.1212679417962568
0.37372768776818366, 0.9843696530171063
0.3793592483124107, 0.8710687351448972
0.38649446661992115, 0.7105730754587969
0.3940042741704588, 0.5500712051210563
0.40019983889569644, 0.417893011588458
0.40639593370005156, 0.28099782813512103
0.41165343508036895, 0.16298613099382397
0.41905060, 0.011912029845909188

0.41905060, 0.021333588384096224
0.4520359224090869, 0.8132599896779001
0.4595139252125751, 0.9357775145841641
0.47708039378015665, 1.2845428680913509
0.48643134279878053, 1.4070293397394145
0.4987790057616215, 1.5294661261743578
0.5103796105548783, 1.6330473742296503
0.5234817527949485, 1.708301840153976
0.539960499013438, 1.7363305110062095
0.552693352801656, 1.7644212883748427
0.5631818516064161, 1.7642473901289168
0.56937230, 1.7547078292095655


0.0000000000, 0.09427769189826644
0.010833403617207736, 0.2545373468220414
0.016433689493502733, 0.41953883427311095
0.02501796741519512, 0.6976983946086578
0.030243133969345477, 0.8674230826320982
0.03621641885131514, 1.0465693291937277
0.044436179033212696, 1.2351122916869814
0.0530315886163724, 1.4142150636871278
0.06162699819953209, 1.5933178356872724
0.06723205478788452, 1.715866413851741
0.07583170500398415, 1.8572332664860196
0.08330970780747227, 1.9797507913922854
0.09266065682609616, 2.1022372630403496
0.10239096579980463, 2.182264614750175
0.11100174767737156, 2.22457467904905
0.11886706162270665, 2.2338782352060735
0.1271048444945989, 2.262043540394389
0.13572145724245827, 2.252466715565198
0.14396666122199542, 2.2145941618632463
0.15408322117931583, 2.1908415246652937
0.16232471460503048, 2.1859879004084752
0.17357650, 2.1858015808592692

0.17357650, 2.1763738116694413
0.18029545684621867, 2.2705956077029477
0.18927499709652035, 2.3647863504782514
0.21319464058027363, 2.8455218406880913
0.21954569517997538, 2.996359937073679
0.22552322069488498, 3.137770264269439
0.23150604700096947, 3.2320106922578655
0.23494500, 3.2979926552833705

0.23494500, 3.3733402809823034
0.25133913387494355, 3.4109271447088045
0.26107951435188437, 3.4013316879246935
0.2693257784896565, 3.3540251543812754
0.27719851354263647, 3.297290851648029
0.28469983982729424, 3.2122608200420215
0.2936963426093557, 3.155507885353856
0.31020636349577707, 2.905234150882812
0.3199637065044775, 2.7446950166352306
0.33272942519798004, 2.480332418918389
0.3402387026694002, 2.3245475385013843
0.3455041552364798, 2.1357809925490834
0.35339597313768945, 1.9092350526694333
0.35865612491359433, 1.7676384059244654
0.36466757549202333, 1.6071613781932859
0.3695552583413709, 1.4467029824170266
0.3751889392020679, 1.314534104861885
0.38007556189318054, 1.1635096889270926
0.3875933206304805, 0.9322529697783505
0.39135034472221936, 0.8331340749265461
0.39773850486014545, 0.6537828768607907
0.4041287853145416, 0.4555637191121019
0.41905060, 0.2478857389153847

0.41905060, 0.021333588384096224
0.4520359224090869, 0.8132599896779001
0.4595139252125751, 0.9357775145841641
0.47708039378015665, 1.2845428680913509
0.48643134279878053, 1.4070293397394145
0.4987790057616215, 1.5294661261743578
0.5103796105548783, 1.6330473742296503
0.5234817527949485, 1.708301840153976
0.539960499013438, 1.7363305110062095
0.552693352801656, 1.7644212883748427
0.5631818516064161, 1.7642473901289168
0.56937230, 1.7547078292095655


0.000000000, 0.02828330756948073
0.006333031909707069, 0.30178177384905713
0.010805839503098193, 0.49982082270018097
0.014528408452200029, 0.7073062726960494
0.02123921007963919, 0.9902138762105344
0.025338488588238152, 1.178825155871829
0.03167364081441518, 1.4711729498794206
0.038002432091182294, 1.820124622935813
0.044336524159124334, 2.1219063967848695
0.05104838594479849, 2.395380020457887
0.05811999475821, 2.8009231512597994
0.06371444976421262, 3.0178115278389352
0.06968137369677235, 3.2535616534493648
0.07937192673666896, 3.6873632492141977
0.08421614309838231, 3.9136980269380803
0.09465163399139327, 4.385223120765501
0.10099208700874522, 4.630401015565757
0.11068476036511177, 5.0453346516476545
0.11777651218498796, 5.271632165461697
0.12411060425293002, 5.573413939310755
0.13120447638927607, 5.780843493441863
0.1368021118699837, 5.969429930496599
0.14277221627724848, 6.1768781165826265
0.14837091191619098, 6.356030573795894
0.1532204290690792, 6.535195452312443
0.16069313108139244, 6.704882876426042
0.16778594305950364, 6.921746410398619
0.17357650, 7.157505851986509

0.17357650, 7.185792264881809
0.17862464746788623, 7.138547837854792
0.184624966384848, 7.077127598459013
0.19137340362962907, 7.025128917601422
0.19812237095352758, 6.968413246823097
0.2030015725369953, 6.883426689778572
0.20900772232424947, 6.770119561254724
0.2153895215127657, 6.647372242237774
0.22251943902910126, 6.534046481759007
0.23494500, 6.411305373393693

0.23494500, 6.364104420928159
0.23603751668336295, 6.241369523214486
0.2405463696567435, 6.118653257455733
0.2473006377718169, 6.014767687470074
0.25218195967175466, 5.910913170742614
0.2566886923286652, 5.807064864666796
0.2619467237881, 5.684336177604762
0.2683295831348513, 5.552154878746343
0.2758404508436238, 5.382219028567133
0.2807249532182665, 5.250062572315276
0.28635757392072847, 5.127327674601602
0.2934949125447089, 4.947964055232567
0.2991317738801108, 4.787493238153028
0.30364062685349136, 4.664776972394277
0.3089007786293962, 4.523180325649309
0.31416305072177086, 4.362715719221409
0.32130462997869125, 4.145616180486507
0.32768854948367754, 4.00400090178662
0.33144875405012114, 3.876580067410413
0.33897181357859607, 3.5981534490543368
0.3449864446317301, 3.4093744817987552
0.3502508370405748, 3.230041915687922
0.3536391027595789, 3.0790423423596893
0.35740195772161, 2.928036558379818
0.3615378116893159, 2.7911755335105037
0.3656789664481966, 2.6071446094338566
0.3705719500887191, 2.399516314450263
0.3743379855254552, 2.22020859094599
0.3784786102052186, 2.040894656790077
0.38262029504321665, 1.8521467427926959
0.3863863304799529, 1.6728390192884233
0.3893978866394598, 1.5407136162947626
0.3927882726749339, 1.3708460832835976
0.39580300930914564, 1.2104187407655396
0.40032140370664115, 1.0027966564335846
0.4040884993016122, 0.8140549530878457
0.40748312597002617, 0.6064515007108108
0.4108724518472652, 0.4460179475411123
0.4140734229447556, 0.295021479538698
0.4172733338840111, 0.1534589913777537
0.41905060, 0.02133979903573662

0.41905060, 0.002496681959363445
0.42176416416739687, 0.1911203829239379
0.4243682661785922, 0.351454565667396
0.4284696650036612, 0.521197885645756
0.43182082518444087, 0.7003876067688671
0.4347931554892534, 0.9173194579094841
0.4396384320092017, 1.1342202557919008
0.4437387706760357, 1.3133975556117292
0.4474602794669025, 1.5303169854490664
0.4530462532070252, 1.8226772007599388
0.45714659187385914, 2.001854500579768
0.4601221026533767, 2.190484412195983
0.46310291422406913, 2.3319444246048646
0.46869100828066185, 2.6054366802328017
0.47315851508287804, 2.85064562829126
0.4767012105181111, 2.9920963247226804
0.4817253003936932, 3.2844658560110136
0.48657269723011143, 3.482498694210494
0.4906677351057705, 3.7088458932376573
0.49513418174975166, 3.9634888211375827
0.5007286367557544, 4.180377197716719
0.5029613299986274, 4.312415651587413
0.5063199112870519, 4.425567513820257
0.5100467208690938, 4.595317044450257
0.512648702563819, 4.7745191868766454
0.5174939790837674, 4.991419984759064
0.5223445563948906, 5.161150883434144
0.5260681855022274, 5.359202353588546
0.5309198229715857, 5.519499272422163
0.5350212217966546, 5.689242592400526
0.5387490915369313, 5.849558143189059
0.5422939072886342, 5.97214087993755
0.5477053083060635, 6.151296442476636
0.5534934188829893, 6.3115778346811515
0.5592815294599155, 6.471859226885664
0.564889766522973, 6.5661058655257305
0.56937230, 6.599044056499541


0.00000000000, 9.009444537949255
0.006484634537309532, 8.95272265651929
0.01435312895734955, 8.933724273151912
0.023346981343823556, 8.900556288067412
0.031591655244243205, 8.867400724286194
0.03834380304284663, 8.78238311398347
0.04621865841229657, 8.70678085156729
0.05521410103612298, 8.65946189672059
0.0630900165638079, 8.57442565446294
0.07134158149275492, 8.47994922171219
0.07621866275975268, 8.413830624350599
0.08109574402675052, 8.347712026989008
0.08747012210762194, 8.291002566862323
0.09496720775933973, 8.243708454622185
0.10246429341105755, 8.196414342382045
0.10958784997798322, 8.139692460952082
0.11633257666894185, 8.120712709539625
0.12195141531434898, 8.12061954976502
0.1290664906153948, 8.139369507066789
0.13581969857223325, 8.044917916922596
0.14332420533159598, 7.931585945792192
0.14895470571758795, 7.827719007761452
0.15533862522257424, 7.686103729061565
0.16097124592503617, 7.563368831347891
0.16773028475216706, 7.41703035207563
0.17223754748819517, 7.30846505607908
0.17357650, 7.185779843578528

0.17357650, 7.157490325357409
0.1819970108133656, 7.129057962148563
0.19061892435239983, 7.072311238112037
0.19662295382318404, 6.977872069271126
0.20562687771289026, 6.855081275692688
0.21388162311654227, 6.732302903417535
0.21988459242909145, 6.647297714418091
0.23494500, 6.524525552794576

0.23494500, 6.486646788440984
0.24425091591585069, 6.4865163647565405
0.2543605848446437, 6.524084596528122
0.26258670597595113, 6.656023679972574
0.26857059244027065, 6.740830128119535
0.2749258876729123, 6.853932305139252
0.2790357677638611, 6.94820378638588
0.28351811678136707, 7.061337016663799
0.288002586115343, 7.1556022872587866
0.2936087028619304, 7.268716885581788
0.2992126992920478, 7.40069944358772
0.30631505269427395, 7.532657158987092
0.31191798896615636, 7.674073696834492
0.3173336306165253, 7.815493340007715
0.3306071651045843, 8.032254398228227
0.33696140017899096, 8.154790555089413
0.3416342242927154, 8.239618740517113
0.34742445518611154, 8.381032173038692
0.35565375679212397, 8.484669316958746
0.36613059385629926, 8.588269196968955
0.3758593125926552, 8.682447518440979
0.3822156679835318, 8.786115715619232
0.39081955883257136, 8.889746648887643
0.39643362676592114, 8.932106398399641
0.4057935871295424, 8.974404041395237
0.41905060, 8.978971975676606

0.41905060, 8.974192879239471
0.4301450684010119, 8.945698409514222
0.4391405110248383, 8.898379454667523
0.45038772973976743, 8.813287316545114
0.462387307415456, 8.699880817595025
0.47288746796080094, 8.595933141092964
0.4833939894555556, 8.4353815855421
0.49464862927812975, 8.284251588529425
0.5055292099367942, 8.128410812247656
0.5156584917929343, 7.991450416952101
0.5242851760440259, 7.892250783628973
0.5329139806115877, 7.774183190622911
0.5407951969304476, 7.641977049157929
0.549050472413217, 7.514481686962043
0.5573046877377515, 7.39642030460762
0.56937230, 7.273648142984108


0.0000000000000000, 8.99057657826632
0.009104638922029607, 8.971547141640743
0.019598438517964573, 8.92420334418748
0.03046629727780927, 8.881570326003315
0.042468525349085205, 8.744578877449559
0.054470223341243594, 8.612304418816535
0.06459897511826636, 8.480061013441713
0.08184492251280477, 8.347699605685728
0.09496826791757469, 8.234274474780715
0.10659113603376602, 8.139742146165203
0.11895894200307175, 8.082933315612275
0.13169603642422967, 8.073288173615039
0.14218241491251987, 8.091982235052047
0.15379150097165642, 8.120091644375602
0.1642810599346515, 8.11048376628821
0.17357650, 8.091491593572474

0.17357650, 8.1292213022867
0.17963709858229454, 8.129097089253897
0.18750665316056955, 8.100664726045052
0.19425031969329315, 8.091118954474059
0.20136857546904388, 8.081566972251432
0.20848577108655975, 8.081448969870266
0.21597967626357262, 8.06245679715453
0.22309793203932338, 8.0529048149319
0.23494500, 8.052774391247453

0.23494500, 8.090193567379671
0.2635461491786103, 8.118271923445024
0.2736558181074033, 8.155840155216607
0.28301100775896715, 8.240590707498804
0.29311643605482024, 8.315894858636254
0.3035943332772305, 8.410060758804997
0.3125770540022371, 8.4759495620559
0.324931077914488, 8.541782469442044
0.33691263290018186, 8.58875362779689
0.35114172334403837, 8.635687522241895
0.3590049169729035, 8.663859038081855
0.37135788072691944, 8.739125925309462
0.37996601220889903, 8.805020939212005
0.39007250066298704, 8.870891110507989
0.40092710744489446, 8.946182840342157
0.4114145460914196, 8.955442921937701
0.41905060, 8.964783742004567

0.41905060, 8.945903361018349
0.43052177796050894, 8.926824239179648
0.4413891066412359, 8.888908210916217
0.4533802030510448, 8.850973550697859
0.4661194177886726, 8.822460449017695
0.47586297874031835, 8.784563052709183
0.4844854223584702, 8.723099338751922
0.4957294605986943, 8.666309140153915
0.5062227301155119, 8.62368233262139
0.5159641707506877, 8.604652895995809
0.5249564328998091, 8.585635880673511
0.5358205811058315, 8.576021791934478
0.5448117830967177, 8.566438756453644
0.5541765141723964, 8.566283490162641
0.5620418281177316, 8.57558704631966
0.56937230, 8.584909234431606


0.000000000000000, 8.99054552500812
0.012477002267508907, 8.962057265934517
0.024464918202612533, 8.95242454524056
0.03682636322250839, 8.952219593736434
0.048443930547524834, 8.904857164328252
0.061184205443387756, 8.86691008280662
0.06868235125334055, 8.810181990725013
0.07843227315439617, 8.7156807153677
0.08855254366553898, 8.65890914872461
0.09830140540835959, 8.573841853208764
0.10580379185125244, 8.479377841761291
0.11518124482575089, 8.366014817372685
0.12381163963066497, 8.233796254604423
0.13281450336213627, 8.120439440867456
0.1414321762682306, 8.101428636196795
0.1515460858299635, 8.101260948602512
0.16240705356128077, 8.11994879938788
0.17357650, 8.138673914083087

0.17357650, 8.129215091635059
0.1841247483909754, 8.19506042032448
0.1927350001894249, 8.24208747454409
0.2020944304739286, 8.289102107460423
0.2122051595609566, 8.317236359390536
0.22156246952899042, 8.383118951989802
0.23167107829954836, 8.43012116360285
0.23494500, 8.467757712542475

0.23494500, 8.561755925116932
0.26761574325662923, 8.571034638667392
0.27735294325886556, 8.589741121407682
0.28746579266236355, 8.599007413654864
0.2975786420658614, 8.608273705902045
0.3084449105883536, 8.57979165748008
0.32006353807160504, 8.522995248230432
0.3342830870913469, 8.65483496124864
0.3440149863024079, 8.720711343196262
0.3563668898981888, 8.80541221026534
0.3679706751661504, 8.880691518796228
0.3829468237795914, 8.946480951620886
0.39380885166914376, 8.95573482256479
0.40541687757004524, 8.993278211729809
0.41905060, 9.011972273166819

0.41905060, 8.964765110049642
0.42977047915798466, 8.945704620165861
0.44176263572602825, 8.898335980106042
0.45525314926618043, 8.850942497439659
0.46574800902035046, 8.794164720144932
0.477368756820072, 8.718500351212352
0.48786043609953683, 8.690024513442024
0.49947694326631825, 8.652096063875312
0.5133431062077327, 8.595262390715822
0.5253299619846012, 8.595063649863338
0.5369443488349127, 8.576003159979557
0.5489343850864864, 8.54750247960267
0.5588599398684716, 8.556771877175672
0.56937230, 8.56605369605195


