0.017608047493403695, 0.6043662807806842
0.034067744063324544, 1.18038964342539
0.055503627968337736, 1.6144739664124572
0.07272889182058048, 1.935273902569192
0.09071972295514512, 2.189886329062152
0.10756220316622693, 2.3405664094647647
0.1270841688654354, 2.3966412457417046
0.1431610817941953, 2.4150211231426852
0.1623002638522428, 2.4238494496012284
0.1779943931398417, 2.4138864088662335

0.20287532981530348, 2.431979490351188
0.23809142480211082, 2.4875430817343416

0.25187163588390504, 2.4870941837788223
0.2756042216358839, 2.3728995316498
0.3035474274406333, 2.2869231037802202
0.3265144459102902, 2.0593318403319847
0.35254373350923485, 1.7843818425764741
0.3781902374670185, 1.2731494181783714
0.4015400395778365, 0.629666668329252

0.4421151055408971, 0.47711617977864285
0.46010593667546185, 0.8735055438897524
0.4708238786279684, 1.1945174596365922
0.4903458443271768, 1.4512728252140996
0.5033604881266492, 1.609336578699295
0.5209685356200529, 1.741088128644178
0.5374282321899737, 1.853973495069605
0.5542707124010555, 1.862876637854068
0.5760893799472296, 1.8999730661226693


0.017608047493403695, 0.6043662807806842
0.034067744063324544, 1.18038964342539
0.055503627968337736, 1.6144739664124572
0.07272889182058048, 1.935273902569192
0.09071972295514512, 2.189886329062152
0.10756220316622693, 2.3405664094647647
0.1270841688654354, 2.3966412457417046
0.1431610817941953, 2.4150211231426852
0.1623002638522428, 2.4238494496012284
0.1779943931398417, 2.4138864088662335

0.20096141160949868, 2.7061439166845402
0.2151244063324538, 3.0270436079425016

0.23923977572559368, 3.4988478285808347
0.2514888522427441, 3.640225745794075
0.27330751978891826, 3.6111596031742073
0.30125072559366756, 3.2983400751155916
0.3276627968337731, 2.8721488745130697
0.3536920844327177, 2.332548593203686
0.36632394459102896, 1.9729688614451524
0.3793385883905013, 1.670087435346226
0.3935015831134565, 1.3010060301958688
0.40268839050131927, 0.8895536457995608

0.4421151055408971, 0.47711617977864285
0.46010593667546185, 0.8735055438897524
0.4708238786279684, 1.1945174596365922
0.4903458443271768, 1.4112728252140996
0.5033604881266492, 1.609336578699295
0.5209685356200529, 1.741088128644178
0.5374282321899737, 1.853973495069605
0.5542707124010555, 1.862876637854068
0.5760893799472296, 1.8999730661226693


0.017608047493403695, 0.9351791352230268
0.02794320580474935, 1.3129142954047814
0.03406774406332454, 1.7853045772628202
0.043637335092348295, 2.1441610845374597
0.05512084432717679, 2.588021407444724
0.07426002638522426, 3.4475113596121525
0.09186807387862798, 4.184177843394466
0.10832777044854887, 4.798008389404013
0.12555303430079154, 5.58194632178003
0.14507499999999998, 6.224032500211979
0.15962077836411612, 6.790666413953743
0.17703743403693936, 7.239059359272984

0.20115280343007919, 6.997252993899974

0.236560290237467, 6.3722810500221945
0.25148885224274403, 6.078789072826211
0.2763697889182058, 5.558129791362206
0.30048515831134565, 4.952429286102618
0.32728001319261213, 4.242671740876149
0.35330930079155687, 3.514035542742567
0.3778074538258575, 2.577509713652981
0.40460230870712405, 1.3195480096363439

0.44249788918205807, 0.8646273398805943
0.4585748021108181, 1.7336688429904588
0.47503449868073894, 2.508179918300572
0.48881470976253294, 3.2733264834830473
0.5037432717678102, 4.038435640502566
0.5209685356200529, 4.756211001990113
0.5349401385224276, 5.33704131357517
0.551208443271768, 5.946152196357941
0.5669025725593667, 6.418230743524645
0.5795344327176782, 6.654114149762332


0.036173054089709764, 8.81737210149084
0.05397249340369389, 8.684467133188022
0.07559976912928755, 8.523082083485045
0.09320781662269136, 8.380731554034844
0.10603106860158307, 8.323603054501199
0.12593581794195255, 8.280421565057782
0.1481372691292876, 7.934707792369731
0.1600035620052771, 7.612960182751345

0.20172697889182065, 7.252432777531162
0.22201451187335092, 6.958766228908031

0.23885699208443276, 6.5517903546792615
0.2526372031662269, 6.608052231771002
0.275604221635884, 6.905035637509912
0.3020162928759894, 7.381490939742931
0.3261316622691292, 7.853295160381264
0.352160949868074, 8.287229850716491
0.3762763192612137, 8.664516112942726
0.40364534960422155, 8.989711508247254
0.427952110817942, 9.040904579257923

0.4570436675461741, 8.9737943349078
0.5198201846965701, 8.371560319415835
0.5500600923482851, 7.789289793556817
0.5745582453825859, 7.363160939892566


0.0019139182058047239, 9.120945578604525
0.019904749340369367, 9.096730027781797
0.03502470316622688, 9.072607997366465
0.05588641160949865, 8.977410457327261
0.0738772427440633, 8.901210029377877
0.08957137203166227, 8.740018255183523
0.11100725593667542, 8.573913542253765
0.12593581794195255, 8.275695667137178
0.14469221635883905, 8.256181075459745
0.15962077836411612, 8.250968871420662
0.17799439313984172, 8.23619264705149


0.2507232849604222, 8.19601628003252
0.27713535620052776, 8.28967385069654
0.3016335092348285, 8.402297359981244
0.32708862137203165, 8.609407654208916
0.3563715699208444, 8.740778887830379
0.37742467018469644, 8.881870009127592
0.40345395778364124, 8.994443640861684
0.428334894459103, 9.125958272441157

0.4574264511873351, 8.983233661361357
0.48843192612137204, 8.830994907502083
0.520202968337731, 8.69763480654992
0.5546534960422165, 8.668157174137491
0.5780032981530344, 8.686300133173058


0.0019139182058047239, 9.120945578604525
0.019904749340369367, 9.096730027781797
0.03502470316622688, 9.072607997366465
0.05588641160949865, 8.977410457327261
0.0738772427440633, 8.901210029377877
0.08957137203166227, 8.740018255183523
0.11100725593667542, 8.573913542253765
0.12593581794195255, 8.275695667137178
0.14469221635883905, 8.256181075459745
0.15962077836411612, 8.250968871420662
0.17799439313984172, 8.23619264705149

0.2024925461741425, 8.282653585447724
0.22507678100263856, 8.376435849988278

0.2380914248021108, 8.489433440902584
0.25263720316622695, 8.583477562583855
0.2767525725593668, 8.620499174526538
0.3016335092348285, 8.619688664329072

0.4574264511873351, 8.983233661361357
0.48843192612137204, 8.830994907502083
0.520202968337731, 8.69763480654992
0.5546534960422165, 8.668157174137491
0.5780032981530344, 8.686300133173058
