# End points of segments: 
#   0.00000000 0.17691600 0.23946530 0.42711300 0.58032680 
0.000000 -0.001513
0.001769 0.055833
0.003538 0.111664
0.005307 0.167423
0.007077 0.223082
0.008846 0.278610
0.010615 0.333975
0.012384 0.389143
0.014153 0.444082
0.015922 0.498759
0.017692 0.553141
0.019461 0.607195
0.021230 0.660887
0.022999 0.714186
0.024768 0.767056
0.026537 0.819465
0.028307 0.871379
0.030076 0.922765
0.031845 0.973589
0.033614 1.023817
0.035383 1.073415
0.037152 1.122350
0.038921 1.170587
0.040691 1.218093
0.042460 1.264834
0.044229 1.310777
0.045998 1.355888
0.047767 1.400133
0.049536 1.443480
0.051306 1.485895
0.053075 1.527347
0.054844 1.567803
0.056613 1.607232
0.058382 1.645602
0.060151 1.682883
0.061921 1.719046
0.063690 1.754063
0.065459 1.787904
0.067228 1.820544
0.068997 1.851957
0.070766 1.882119
0.072536 1.911007
0.074305 1.938599
0.076074 1.964877
0.077843 1.989823
0.079612 2.013420
0.081381 2.035655
0.083151 2.056517
0.084920 2.075996
0.086689 2.094086
0.088458 2.110782
0.090227 2.126084
0.091996 2.139992
0.093766 2.152511
0.095535 2.163648
0.097304 2.173413
0.099073 2.181821
0.100842 2.188888
0.102611 2.194634
0.104380 2.199082
0.106150 2.202259
0.107919 2.204194
0.109688 2.204922
0.111457 2.204479
0.113226 2.202905
0.114995 2.200242
0.116765 2.196537
0.118534 2.191839
0.120303 2.186201
0.122072 2.179678
0.123841 2.172327
0.125610 2.164210
0.127380 2.155389
0.129149 2.145931
0.130918 2.135902
0.132687 2.125373
0.134456 2.114415
0.136225 2.103102
0.137994 2.091507
0.139764 2.079707
0.141533 2.067777
0.143302 2.055796
0.145071 2.043839
0.146840 2.031984
0.148609 2.020308
0.150379 2.008886
0.152148 1.997792
0.153917 1.987100
0.155686 1.976879
0.157455 1.967197
0.159224 1.958119
0.160994 1.949705
0.162763 1.942014
0.164532 1.935097
0.166301 1.929001
0.168070 1.923770
0.169839 1.919439
0.171608 1.916038
0.173378 1.913592
0.175147 1.912117
0.176916 1.911625

0.176916 1.911625
0.177541 1.911646
0.178167 1.911710
0.178792 1.911815
0.179418 1.911964
0.180043 1.912154
0.180669 1.912387
0.181294 1.912662
0.181920 1.912980
0.182545 1.913340
0.183171 1.913741
0.183796 1.914185
0.184422 1.914671
0.185047 1.915200
0.185673 1.915770
0.186298 1.916381
0.186924 1.917035
0.187549 1.917731
0.188175 1.918468
0.188800 1.919246
0.189426 1.920066
0.190051 1.920928
0.190677 1.921830
0.191302 1.922774
0.191928 1.923759
0.192553 1.924785
0.193179 1.925851
0.193804 1.926958
0.194430 1.928105
0.195055 1.929293
0.195681 1.930521
0.196306 1.931788
0.196932 1.933096
0.197557 1.934443
0.198183 1.935829
0.198808 1.937254
0.199434 1.938719
0.200059 1.940222
0.200685 1.941763
0.201310 1.943343
0.201936 1.944961
0.202561 1.946617
0.203187 1.948310
0.203812 1.950040
0.204438 1.951807
0.205063 1.953610
0.205689 1.955450
0.206314 1.957326
0.206940 1.959237
0.207565 1.961184
0.208191 1.963165
0.208816 1.965182
0.209442 1.967232
0.210067 1.969316
0.210693 1.971433
0.211318 1.973584
0.211944 1.975767
0.212569 1.977982
0.213195 1.980229
0.213820 1.982507
0.214446 1.984816
0.215071 1.987155
0.215697 1.989524
0.216322 1.991922
0.216947 1.994349
0.217573 1.996804
0.218198 1.999286
0.218824 2.001796
0.219449 2.004333
0.220075 2.006895
0.220700 2.009483
0.221326 2.012095
0.221951 2.014732
0.222577 2.017392
0.223202 2.020075
0.223828 2.022780
0.224453 2.025507
0.225079 2.028254
0.225704 2.031022
0.226330 2.033809
0.226955 2.036615
0.227581 2.039438
0.228206 2.042279
0.228832 2.045137
0.229457 2.048010
0.230083 2.050898
0.230708 2.053800
0.231334 2.056716
0.231959 2.059644
0.232585 2.062584
0.233210 2.065534
0.233836 2.068495
0.234461 2.071464
0.235087 2.074442
0.235712 2.077427
0.236338 2.080419
0.236963 2.083416
0.237589 2.086417
0.238214 2.089423
0.238840 2.092431
0.239465 2.095441

0.239465 2.095441
0.241342 2.104472
0.243218 2.113484
0.245095 2.122450
0.246971 2.131342
0.248848 2.140133
0.250724 2.148793
0.252601 2.157294
0.254477 2.165605
0.256354 2.173697
0.258230 2.181540
0.260107 2.189103
0.261983 2.196357
0.263860 2.203271
0.265736 2.209815
0.267612 2.215959
0.269489 2.221673
0.271365 2.226928
0.273242 2.231695
0.275118 2.235944
0.276995 2.239648
0.278871 2.242779
0.280748 2.245310
0.282624 2.247214
0.284501 2.248467
0.286377 2.249043
0.288254 2.248918
0.290130 2.248070
0.292007 2.246475
0.293883 2.244114
0.295760 2.240964
0.297636 2.237009
0.299513 2.232228
0.301389 2.226606
0.303266 2.220125
0.305142 2.212773
0.307018 2.204534
0.308895 2.195397
0.310771 2.185349
0.312648 2.174382
0.314524 2.162485
0.316401 2.149652
0.318277 2.135876
0.320154 2.121151
0.322030 2.105474
0.323907 2.088840
0.325783 2.071249
0.327660 2.052700
0.329536 2.033193
0.331413 2.012730
0.333289 1.991313
0.335166 1.968947
0.337042 1.945636
0.338919 1.921386
0.340795 1.896204
0.342672 1.870097
0.344548 1.843075
0.346425 1.815148
0.348301 1.786326
0.350177 1.756620
0.352054 1.726043
0.353930 1.694609
0.355807 1.662330
0.357683 1.629222
0.359560 1.595301
0.361436 1.560581
0.363313 1.525080
0.365189 1.488816
0.367066 1.451805
0.368942 1.414067
0.370819 1.375621
0.372695 1.336485
0.374572 1.296680
0.376448 1.256226
0.378325 1.215143
0.380201 1.173453
0.382078 1.131177
0.383954 1.088337
0.385831 1.044954
0.387707 1.001051
0.389584 0.956651
0.391460 0.911775
0.393336 0.866447
0.395213 0.820689
0.397089 0.774526
0.398966 0.727980
0.400842 0.681075
0.402719 0.633833
0.404595 0.586280
0.406472 0.538439
0.408348 0.490332
0.410225 0.441985
0.412101 0.393422
0.413978 0.344665
0.415854 0.295740
0.417731 0.246670
0.419607 0.197478
0.421484 0.148190
0.423360 0.098827
0.425237 0.049408
0.427113 -0.001513

0.427113 -0.001513
0.428645 0.043168
0.430177 0.086348
0.431709 0.129462
0.433242 0.172487
0.434774 0.215398
0.436306 0.258165
0.437838 0.300761
0.439370 0.343157
0.440902 0.385326
0.442434 0.427239
0.443966 0.468869
0.445499 0.510187
0.447031 0.551167
0.448563 0.591780
0.450095 0.632001
0.451627 0.671801
0.453159 0.711154
0.454692 0.750035
0.456224 0.788417
0.457756 0.826274
0.459288 0.863582
0.460820 0.900315
0.462352 0.936449
0.463884 0.971960
0.465416 1.006825
0.466949 1.041021
0.468481 1.074525
0.470013 1.107316
0.471545 1.139373
0.473077 1.170676
0.474609 1.201205
0.476141 1.230941
0.477673 1.259866
0.479206 1.287963
0.480738 1.315216
0.482270 1.341610
0.483802 1.367130
0.485334 1.391763
0.486866 1.415498
0.488399 1.438322
0.489931 1.460227
0.491463 1.481204
0.492995 1.501245
0.494527 1.520346
0.496059 1.538500
0.497591 1.555706
0.499123 1.571961
0.500656 1.587265
0.502188 1.601620
0.503720 1.615028
0.505252 1.627495
0.506784 1.639026
0.508316 1.649629
0.509848 1.659313
0.511381 1.668091
0.512913 1.675974
0.514445 1.682977
0.515977 1.689116
0.517509 1.694410
0.519041 1.698879
0.520573 1.702543
0.522106 1.705426
0.523638 1.707553
0.525170 1.708951
0.526702 1.709647
0.528234 1.709672
0.529766 1.709056
0.531298 1.707833
0.532830 1.706037
0.534363 1.703703
0.535895 1.700869
0.537427 1.697572
0.538959 1.693852
0.540491 1.689750
0.542023 1.685306
0.543555 1.680563
0.545088 1.675563
0.546620 1.670350
0.548152 1.664968
0.549684 1.659461
0.551216 1.653871
0.552748 1.648245
0.554280 1.642624
0.555813 1.637051
0.557345 1.631570
0.558877 1.626221
0.560409 1.621045
0.561941 1.616079
0.563473 1.611362
0.565005 1.606927
0.566538 1.602808
0.568070 1.599036
0.569602 1.595639
0.571134 1.592642
0.572666 1.590067
0.574198 1.587933
0.575730 1.586257
0.577263 1.585050
0.578795 1.584323
0.580327 1.584080


0.000000 -0.001513
0.001769 0.055833
0.003538 0.111664
0.005307 0.167423
0.007077 0.223082
0.008846 0.278610
0.010615 0.333975
0.012384 0.389143
0.014153 0.444082
0.015922 0.498759
0.017692 0.553141
0.019461 0.607195
0.021230 0.660887
0.022999 0.714186
0.024768 0.767056
0.026537 0.819465
0.028307 0.871379
0.030076 0.922765
0.031845 0.973589
0.033614 1.023817
0.035383 1.073415
0.037152 1.122350
0.038921 1.170587
0.040691 1.218093
0.042460 1.264834
0.044229 1.310777
0.045998 1.355888
0.047767 1.400133
0.049536 1.443480
0.051306 1.485895
0.053075 1.527347
0.054844 1.567803
0.056613 1.607232
0.058382 1.645602
0.060151 1.682883
0.061921 1.719046
0.063690 1.754063
0.065459 1.787904
0.067228 1.820544
0.068997 1.851957
0.070766 1.882119
0.072536 1.911007
0.074305 1.938599
0.076074 1.964877
0.077843 1.989823
0.079612 2.013420
0.081381 2.035655
0.083151 2.056517
0.084920 2.075996
0.086689 2.094086
0.088458 2.110782
0.090227 2.126084
0.091996 2.139992
0.093766 2.152511
0.095535 2.163648
0.097304 2.173413
0.099073 2.181821
0.100842 2.188888
0.102611 2.194634
0.104380 2.199082
0.106150 2.202259
0.107919 2.204194
0.109688 2.204922
0.111457 2.204479
0.113226 2.202905
0.114995 2.200242
0.116765 2.196537
0.118534 2.191839
0.120303 2.186201
0.122072 2.179678
0.123841 2.172327
0.125610 2.164210
0.127380 2.155389
0.129149 2.145931
0.130918 2.135902
0.132687 2.125373
0.134456 2.114415
0.136225 2.103102
0.137994 2.091507
0.139764 2.079707
0.141533 2.067777
0.143302 2.055796
0.145071 2.043839
0.146840 2.031984
0.148609 2.020308
0.150379 2.008886
0.152148 1.997792
0.153917 1.987100
0.155686 1.976879
0.157455 1.967197
0.159224 1.958119
0.160994 1.949705
0.162763 1.942014
0.164532 1.935097
0.166301 1.929001
0.168070 1.923770
0.169839 1.919439
0.171608 1.916038
0.173378 1.913592
0.175147 1.912117
0.176916 1.911625

0.176916 1.911625
0.177541 1.911887
0.178167 1.912675
0.178792 1.913987
0.179418 1.915821
0.180043 1.918176
0.180669 1.921049
0.181294 1.924436
0.181920 1.928334
0.182545 1.932738
0.183171 1.937643
0.183796 1.943044
0.184422 1.948934
0.185047 1.955308
0.185673 1.962158
0.186298 1.969478
0.186924 1.977258
0.187549 1.985492
0.188175 1.994171
0.188800 2.003286
0.189426 2.012827
0.190051 2.022786
0.190677 2.033152
0.191302 2.043917
0.191928 2.055069
0.192553 2.066599
0.193179 2.078497
0.193804 2.090751
0.194430 2.103351
0.195055 2.116286
0.195681 2.129546
0.196306 2.143120
0.196932 2.156996
0.197557 2.171165
0.198183 2.185614
0.198808 2.200333
0.199434 2.215311
0.200059 2.230538
0.200685 2.246002
0.201310 2.261692
0.201936 2.277599
0.202561 2.293711
0.203187 2.310017
0.203812 2.326508
0.204438 2.343172
0.205063 2.360000
0.205689 2.376981
0.206314 2.394105
0.206940 2.411362
0.207565 2.428743
0.208191 2.446236
0.208816 2.463833
0.209442 2.481524
0.210067 2.499300
0.210693 2.517150
0.211318 2.535066
0.211944 2.553038
0.212569 2.571057
0.213195 2.589115
0.213820 2.607202
0.214446 2.625309
0.215071 2.643428
0.215697 2.661550
0.216322 2.679666
0.216947 2.697768
0.217573 2.715848
0.218198 2.733897
0.218824 2.751906
0.219449 2.769869
0.220075 2.787776
0.220700 2.805620
0.221326 2.823392
0.221951 2.841086
0.222577 2.858692
0.223202 2.876204
0.223828 2.893613
0.224453 2.910913
0.225079 2.928095
0.225704 2.945153
0.226330 2.962078
0.226955 2.978864
0.227581 2.995502
0.228206 3.011988
0.228832 3.028312
0.229457 3.044468
0.230083 3.060449
0.230708 3.076248
0.231334 3.091859
0.231959 3.107274
0.232585 3.122488
0.233210 3.137493
0.233836 3.152284
0.234461 3.166853
0.235087 3.181195
0.235712 3.195304
0.236338 3.209173
0.236963 3.222797
0.237589 3.236170
0.238214 3.249286
0.238840 3.262140
0.239465 3.274727

0.239465 3.274727
0.241342 3.310831
0.243218 3.344351
0.245095 3.375169
0.246971 3.403184
0.248848 3.428312
0.250724 3.450487
0.252601 3.469664
0.254477 3.485818
0.256354 3.498944
0.258230 3.509058
0.260107 3.516197
0.261983 3.520415
0.263860 3.521785
0.265736 3.520394
0.267612 3.516344
0.269489 3.509746
0.271365 3.500722
0.273242 3.489399
0.275118 3.475908
0.276995 3.460383
0.278871 3.442958
0.280748 3.423763
0.282624 3.402930
0.284501 3.380582
0.286377 3.356839
0.288254 3.331816
0.290130 3.305620
0.292007 3.278351
0.293883 3.250104
0.295760 3.220964
0.297636 3.191011
0.299513 3.160317
0.301389 3.128946
0.303266 3.096957
0.305142 3.064400
0.307018 3.031322
0.308895 2.997761
0.310771 2.963751
0.312648 2.929319
0.314524 2.894488
0.316401 2.859277
0.318277 2.823700
0.320154 2.787766
0.322030 2.751482
0.323907 2.714850
0.325783 2.677871
0.327660 2.640542
0.329536 2.602857
0.331413 2.564811
0.333289 2.526393
0.335166 2.487593
0.337042 2.448401
0.338919 2.408804
0.340795 2.368789
0.342672 2.328342
0.344548 2.287449
0.346425 2.246098
0.348301 2.204274
0.350177 2.161965
0.352054 2.119158
0.353930 2.075841
0.355807 2.032002
0.357683 1.987633
0.359560 1.942723
0.361436 1.897265
0.363313 1.851253
0.365189 1.804679
0.367066 1.757542
0.368942 1.709837
0.370819 1.661564
0.372695 1.612723
0.374572 1.563315
0.376448 1.513344
0.378325 1.462815
0.380201 1.411733
0.382078 1.360107
0.383954 1.307946
0.385831 1.255260
0.387707 1.202061
0.389584 1.148362
0.391460 1.094179
0.393336 1.039527
0.395213 0.984423
0.397089 0.928885
0.398966 0.872934
0.400842 0.816590
0.402719 0.759874
0.404595 0.702809
0.406472 0.645417
0.408348 0.587725
0.410225 0.529755
0.412101 0.471535
0.413978 0.413090
0.415854 0.354447
0.417731 0.295634
0.419607 0.236677
0.421484 0.177606
0.423360 0.118447
0.425237 0.059223
0.427113 -0.001513

0.427113 -0.001513
0.428645 0.043168
0.430177 0.086348
0.431709 0.129462
0.433242 0.172487
0.434774 0.215398
0.436306 0.258165
0.437838 0.300761
0.439370 0.343157
0.440902 0.385326
0.442434 0.427239
0.443966 0.468869
0.445499 0.510187
0.447031 0.551167
0.448563 0.591780
0.450095 0.632001
0.451627 0.671801
0.453159 0.711154
0.454692 0.750035
0.456224 0.788417
0.457756 0.826274
0.459288 0.863582
0.460820 0.900315
0.462352 0.936449
0.463884 0.971960
0.465416 1.006825
0.466949 1.041021
0.468481 1.074525
0.470013 1.107316
0.471545 1.139373
0.473077 1.170676
0.474609 1.201205
0.476141 1.230941
0.477673 1.259866
0.479206 1.287963
0.480738 1.315216
0.482270 1.341610
0.483802 1.367130
0.485334 1.391763
0.486866 1.415498
0.488399 1.438322
0.489931 1.460227
0.491463 1.481204
0.492995 1.501245
0.494527 1.520346
0.496059 1.538500
0.497591 1.555706
0.499123 1.571961
0.500656 1.587265
0.502188 1.601620
0.503720 1.615028
0.505252 1.627495
0.506784 1.639026
0.508316 1.649629
0.509848 1.659313
0.511381 1.668091
0.512913 1.675974
0.514445 1.682977
0.515977 1.689116
0.517509 1.694410
0.519041 1.698879
0.520573 1.702543
0.522106 1.705426
0.523638 1.707553
0.525170 1.708951
0.526702 1.709647
0.528234 1.709672
0.529766 1.709056
0.531298 1.707833
0.532830 1.706037
0.534363 1.703703
0.535895 1.700869
0.537427 1.697572
0.538959 1.693852
0.540491 1.689750
0.542023 1.685306
0.543555 1.680563
0.545088 1.675563
0.546620 1.670350
0.548152 1.664968
0.549684 1.659461
0.551216 1.653871
0.552748 1.648245
0.554280 1.642624
0.555813 1.637051
0.557345 1.631570
0.558877 1.626221
0.560409 1.621045
0.561941 1.616079
0.563473 1.611362
0.565005 1.606927
0.566538 1.602808
0.568070 1.599036
0.569602 1.595639
0.571134 1.592642
0.572666 1.590067
0.574198 1.587933
0.575730 1.586257
0.577263 1.585050
0.578795 1.584323
0.580327 1.584080


0.000000 -0.001513
0.001769 0.085930
0.003538 0.171871
0.005307 0.257791
0.007077 0.343685
0.008846 0.429546
0.010615 0.515364
0.012384 0.601132
0.014153 0.686842
0.015922 0.772484
0.017692 0.858050
0.019461 0.943531
0.021230 1.028919
0.022999 1.114205
0.024768 1.199380
0.026537 1.284434
0.028307 1.369359
0.030076 1.454145
0.031845 1.538783
0.033614 1.623263
0.035383 1.707576
0.037152 1.791712
0.038921 1.875661
0.040691 1.959414
0.042460 2.042960
0.044229 2.126289
0.045998 2.209392
0.047767 2.292257
0.049536 2.374874
0.051306 2.457233
0.053075 2.539324
0.054844 2.621136
0.056613 2.702658
0.058382 2.783880
0.060151 2.864791
0.061921 2.945381
0.063690 3.025638
0.065459 3.105553
0.067228 3.185115
0.068997 3.264313
0.070766 3.343137
0.072536 3.421576
0.074305 3.499620
0.076074 3.577260
0.077843 3.654484
0.079612 3.731284
0.081381 3.807649
0.083151 3.883569
0.084920 3.959036
0.086689 4.034040
0.088458 4.108573
0.090227 4.182625
0.091996 4.256187
0.093766 4.329253
0.095535 4.401813
0.097304 4.473860
0.099073 4.545387
0.100842 4.616385
0.102611 4.686850
0.104380 4.756773
0.106150 4.826149
0.107919 4.894971
0.109688 4.963235
0.111457 5.030935
0.113226 5.098066
0.114995 5.164623
0.116765 5.230602
0.118534 5.295998
0.120303 5.360810
0.122072 5.425032
0.123841 5.488663
0.125610 5.551699
0.127380 5.614137
0.129149 5.675977
0.130918 5.737215
0.132687 5.797851
0.134456 5.857882
0.136225 5.917309
0.137994 5.976129
0.139764 6.034343
0.141533 6.091949
0.143302 6.148949
0.145071 6.205340
0.146840 6.261124
0.148609 6.316301
0.150379 6.370870
0.152148 6.424833
0.153917 6.478189
0.155686 6.530939
0.157455 6.583083
0.159224 6.634622
0.160994 6.685557
0.162763 6.735888
0.164532 6.785615
0.166301 6.834738
0.168070 6.883259
0.169839 6.931176
0.171608 6.978491
0.173378 7.025203
0.175147 7.071311
0.176916 7.116817

0.176916 7.116817
0.177541 7.116733
0.178167 7.116481
0.178792 7.116062
0.179418 7.115475
0.180043 7.114721
0.180669 7.113800
0.181294 7.112712
0.181920 7.111457
0.182545 7.110037
0.183171 7.108451
0.183796 7.106700
0.184422 7.104785
0.185047 7.102706
0.185673 7.100464
0.186298 7.098059
0.186924 7.095493
0.187549 7.092766
0.188175 7.089879
0.188800 7.086833
0.189426 7.083629
0.190051 7.080267
0.190677 7.076749
0.191302 7.073076
0.191928 7.069248
0.192553 7.065268
0.193179 7.061135
0.193804 7.056851
0.194430 7.052418
0.195055 7.047835
0.195681 7.043106
0.196306 7.038230
0.196932 7.033208
0.197557 7.028043
0.198183 7.022735
0.198808 7.017286
0.199434 7.011697
0.200059 7.005968
0.200685 7.000102
0.201310 6.994100
0.201936 6.987962
0.202561 6.981690
0.203187 6.975286
0.203812 6.968751
0.204438 6.962085
0.205063 6.955290
0.205689 6.948368
0.206314 6.941320
0.206940 6.934147
0.207565 6.926850
0.208191 6.919430
0.208816 6.911890
0.209442 6.904229
0.210067 6.896450
0.210693 6.888553
0.211318 6.880540
0.211944 6.872412
0.212569 6.864170
0.213195 6.855816
0.213820 6.847350
0.214446 6.838774
0.215071 6.830090
0.215697 6.821298
0.216322 6.812399
0.216947 6.803395
0.217573 6.794286
0.218198 6.785075
0.218824 6.775762
0.219449 6.766349
0.220075 6.756836
0.220700 6.747225
0.221326 6.737517
0.221951 6.727712
0.222577 6.717813
0.223202 6.707821
0.223828 6.697735
0.224453 6.687559
0.225079 6.677292
0.225704 6.666935
0.226330 6.656491
0.226955 6.645960
0.227581 6.635343
0.228206 6.624641
0.228832 6.613856
0.229457 6.602988
0.230083 6.592038
0.230708 6.581008
0.231334 6.569899
0.231959 6.558711
0.232585 6.547446
0.233210 6.536105
0.233836 6.524689
0.234461 6.513199
0.235087 6.501635
0.235712 6.490000
0.236338 6.478294
0.236963 6.466518
0.237589 6.454673
0.238214 6.442760
0.238840 6.430780
0.239465 6.418734

0.239465 6.418734
0.241342 6.382211
0.243218 6.345130
0.245095 6.307518
0.246971 6.269398
0.248848 6.230796
0.250724 6.191736
0.252601 6.152240
0.254477 6.112331
0.256354 6.072030
0.258230 6.031356
0.260107 5.990329
0.261983 5.948966
0.263860 5.907285
0.265736 5.865299
0.267612 5.823022
0.269489 5.780467
0.271365 5.737644
0.273242 5.694561
0.275118 5.651226
0.276995 5.607643
0.278871 5.563815
0.280748 5.519743
0.282624 5.475427
0.284501 5.430863
0.286377 5.386046
0.288254 5.340968
0.290130 5.295619
0.292007 5.249987
0.293883 5.204059
0.295760 5.157817
0.297636 5.111244
0.299513 5.064317
0.301389 5.017016
0.303266 4.969314
0.305142 4.921185
0.307018 4.872602
0.308895 4.823534
0.310771 4.773950
0.312648 4.723818
0.314524 4.673104
0.316401 4.621774
0.318277 4.569793
0.320154 4.517126
0.322030 4.463738
0.323907 4.409593
0.325783 4.354657
0.327660 4.298896
0.329536 4.242277
0.331413 4.184766
0.333289 4.126335
0.335166 4.066953
0.337042 4.006594
0.338919 3.945233
0.340795 3.882845
0.342672 3.819412
0.344548 3.754913
0.346425 3.689335
0.348301 3.622663
0.350177 3.554887
0.352054 3.486000
0.353930 3.415997
0.355807 3.344876
0.357683 3.272638
0.359560 3.199286
0.361436 3.124825
0.363313 3.049265
0.365189 2.972616
0.367066 2.894893
0.368942 2.816109
0.370819 2.736283
0.372695 2.655435
0.374572 2.573587
0.376448 2.490760
0.378325 2.406982
0.380201 2.322277
0.382078 2.236674
0.383954 2.150203
0.385831 2.062892
0.387707 1.974774
0.389584 1.885882
0.391460 1.796247
0.393336 1.705904
0.395213 1.614888
0.397089 1.523233
0.398966 1.430976
0.400842 1.338152
0.402719 1.244798
0.404595 1.150950
0.406472 1.056647
0.408348 0.961925
0.410225 0.866821
0.412101 0.771374
0.413978 0.675622
0.415854 0.579601
0.417731 0.483351
0.419607 0.386910
0.421484 0.290315
0.423360 0.193604
0.425237 0.096812
0.427113 -0.001513

0.427113 -0.001513
0.428645 0.080531
0.430177 0.161075
0.431709 0.241599
0.433242 0.322098
0.434774 0.402566
0.436306 0.482993
0.437838 0.563373
0.439370 0.643698
0.440902 0.723958
0.442434 0.804145
0.443966 0.884252
0.445499 0.964268
0.447031 1.044186
0.448563 1.123995
0.450095 1.203687
0.451627 1.283253
0.453159 1.362681
0.454692 1.441962
0.456224 1.521087
0.457756 1.600043
0.459288 1.678821
0.460820 1.757409
0.462352 1.835797
0.463884 1.913971
0.465416 1.991922
0.466949 2.069635
0.468481 2.147100
0.470013 2.224303
0.471545 2.301232
0.473077 2.377873
0.474609 2.454213
0.476141 2.530238
0.477673 2.605934
0.479206 2.681288
0.480738 2.756284
0.482270 2.830909
0.483802 2.905148
0.485334 2.978986
0.486866 3.052407
0.488399 3.125398
0.489931 3.197941
0.491463 3.270023
0.492995 3.341627
0.494527 3.412738
0.496059 3.483340
0.497591 3.553418
0.499123 3.622954
0.500656 3.691935
0.502188 3.760343
0.503720 3.828163
0.505252 3.895379
0.506784 3.961975
0.508316 4.027934
0.509848 4.093241
0.511381 4.157881
0.512913 4.221836
0.514445 4.285091
0.515977 4.347630
0.517509 4.409436
0.519041 4.470494
0.520573 4.530787
0.522106 4.590299
0.523638 4.649012
0.525170 4.706911
0.526702 4.763977
0.528234 4.820194
0.529766 4.875542
0.531298 4.930004
0.532830 4.983560
0.534363 5.036189
0.535895 5.087870
0.537427 5.138582
0.538959 5.188299
0.540491 5.236997
0.542023 5.284647
0.543555 5.331222
0.545088 5.376688
0.546620 5.421010
0.548152 5.464151
0.549684 5.506069
0.551216 5.546717
0.552748 5.586046
0.554280 5.623999
0.555813 5.660516
0.557345 5.695530
0.558877 5.728967
0.560409 5.760748
0.561941 5.790786
0.563473 5.818988
0.565005 5.845255
0.566538 5.869482
0.568070 5.891563
0.569602 5.911386
0.571134 5.928843
0.572666 5.943828
0.574198 5.956242
0.575730 5.965998
0.577263 5.973022
0.578795 5.977260
0.580327 5.978676


0.000000 8.737334
0.001769 8.737051
0.003538 8.736204
0.005307 8.734793
0.007077 8.732821
0.008846 8.730294
0.010615 8.727214
0.012384 8.723589
0.014153 8.719426
0.015922 8.714734
0.017692 8.709520
0.019461 8.703797
0.021230 8.697576
0.022999 8.690868
0.024768 8.683689
0.026537 8.676052
0.028307 8.667973
0.030076 8.659470
0.031845 8.650559
0.033614 8.641260
0.035383 8.631591
0.037152 8.621574
0.038921 8.611230
0.040691 8.600580
0.042460 8.589649
0.044229 8.578459
0.045998 8.567035
0.047767 8.555403
0.049536 8.543587
0.051306 8.531614
0.053075 8.519511
0.054844 8.507304
0.056613 8.495022
0.058382 8.482692
0.060151 8.470342
0.061921 8.457999
0.063690 8.445692
0.065459 8.433449
0.067228 8.421296
0.068997 8.409262
0.070766 8.397373
0.072536 8.385656
0.074305 8.374136
0.076074 8.362838
0.077843 8.351787
0.079612 8.341005
0.081381 8.330514
0.083151 8.320335
0.084920 8.310488
0.086689 8.300990
0.088458 8.291859
0.090227 8.283108
0.091996 8.274752
0.093766 8.266802
0.095535 8.259267
0.097304 8.252155
0.099073 8.245473
0.100842 8.239225
0.102611 8.233412
0.104380 8.228035
0.106150 8.223092
0.107919 8.218580
0.109688 8.214493
0.111457 8.210824
0.113226 8.207565
0.114995 8.204705
0.116765 8.202232
0.118534 8.200133
0.120303 8.198392
0.122072 8.196994
0.123841 8.193033
0.125610 8.166554
0.127380 8.139399
0.129149 8.111571
0.130918 8.083073
0.132687 8.053908
0.134456 8.024078
0.136225 7.993587
0.137994 7.962438
0.139764 7.930633
0.141533 7.898177
0.143302 7.865073
0.145071 7.831323
0.146840 7.796932
0.148609 7.761903
0.150379 7.726238
0.152148 7.689941
0.153917 7.653014
0.155686 7.615462
0.157455 7.577286
0.159224 7.538489
0.160994 7.499073
0.162763 7.459041
0.164532 7.418396
0.166301 7.377137
0.168070 7.335269
0.169839 7.292791
0.171608 7.249706
0.173378 7.206015
0.175147 7.161718
0.176916 7.116817

0.176916 7.116817
0.177541 7.116751
0.178167 7.116553
0.178792 7.116224
0.179418 7.115763
0.180043 7.115171
0.180669 7.114448
0.181294 7.113594
0.181920 7.112610
0.182545 7.111497
0.183171 7.110253
0.183796 7.108882
0.184422 7.107382
0.185047 7.105755
0.185673 7.104001
0.186298 7.102122
0.186924 7.100118
0.187549 7.097990
0.188175 7.095740
0.188800 7.093367
0.189426 7.090874
0.190051 7.088262
0.190677 7.085532
0.191302 7.082685
0.191928 7.079723
0.192553 7.076647
0.193179 7.073458
0.193804 7.070159
0.194430 7.066751
0.195055 7.063236
0.195681 7.059616
0.196306 7.055892
0.196932 7.052066
0.197557 7.048141
0.198183 7.044118
0.198808 7.040000
0.199434 7.035788
0.200059 7.031486
0.200685 7.027095
0.201310 7.022618
0.201936 7.018058
0.202561 7.013416
0.203187 7.008696
0.203812 7.003900
0.204438 6.999031
0.205063 6.994092
0.205689 6.989086
0.206314 6.984016
0.206940 6.978884
0.207565 6.973694
0.208191 6.968450
0.208816 6.963153
0.209442 6.957809
0.210067 6.952420
0.210693 6.946989
0.211318 6.941520
0.211944 6.936018
0.212569 6.930484
0.213195 6.924924
0.213820 6.919342
0.214446 6.913740
0.215071 6.908123
0.215697 6.902496
0.216322 6.896861
0.216947 6.891224
0.217573 6.885589
0.218198 6.879960
0.218824 6.874341
0.219449 6.868737
0.220075 6.863153
0.220700 6.857592
0.221326 6.852060
0.221951 6.846562
0.222577 6.841102
0.223202 6.835684
0.223828 6.830315
0.224453 6.824998
0.225079 6.819740
0.225704 6.814544
0.226330 6.809416
0.226955 6.804360
0.227581 6.799383
0.228206 6.794490
0.228832 6.789684
0.229457 6.784973
0.230083 6.780360
0.230708 6.775852
0.231334 6.771453
0.231959 6.767169
0.232585 6.763005
0.233210 6.758966
0.233836 6.755058
0.234461 6.751285
0.235087 6.747653
0.235712 6.744167
0.236338 6.740833
0.236963 6.737654
0.237589 6.734637
0.238214 6.731786
0.238840 6.729106
0.239465 6.726602

0.239465 6.726602
0.241342 6.720190
0.243218 6.715522
0.245095 6.712709
0.246971 6.711849
0.248848 6.713027
0.250724 6.716310
0.252601 6.721750
0.254477 6.729380
0.256354 6.739213
0.258230 6.751243
0.260107 6.765448
0.261983 6.781785
0.263860 6.800194
0.265736 6.820602
0.267612 6.842923
0.269489 6.867057
0.271365 6.892898
0.273242 6.920330
0.275118 6.949236
0.276995 6.979493
0.278871 7.010978
0.280748 7.043569
0.282624 7.077143
0.284501 7.111583
0.286377 7.146774
0.288254 7.182605
0.290130 7.218971
0.292007 7.255771
0.293883 7.292909
0.295760 7.330295
0.297636 7.367845
0.299513 7.405480
0.301389 7.443126
0.303266 7.480713
0.305142 7.518178
0.307018 7.555462
0.308895 7.592510
0.310771 7.629271
0.312648 7.665699
0.314524 7.701751
0.316401 7.737388
0.318277 7.772575
0.320154 7.807277
0.322030 7.841467
0.323907 7.875118
0.325783 7.908204
0.327660 7.940705
0.329536 7.972600
0.331413 8.003874
0.333289 8.034509
0.335166 8.064495
0.337042 8.093817
0.338919 8.122468
0.340795 8.150437
0.342672 8.177720
0.344548 8.204309
0.346425 8.230201
0.348301 8.255394
0.350177 8.279884
0.352054 8.303671
0.353930 8.326756
0.355807 8.349139
0.357683 8.370823
0.359560 8.391809
0.361436 8.412103
0.363313 8.431706
0.365189 8.450626
0.367066 8.468866
0.368942 8.486432
0.370819 8.503332
0.372695 8.519571
0.374572 8.535157
0.376448 8.550097
0.378325 8.564398
0.380201 8.578069
0.382078 8.589457
0.383954 8.599051
0.385831 8.608621
0.387707 8.618124
0.389584 8.627517
0.391460 8.636759
0.393336 8.645806
0.395213 8.654620
0.397089 8.663161
0.398966 8.671390
0.400842 8.679272
0.402719 8.686771
0.404595 8.693854
0.406472 8.700491
0.408348 8.706651
0.410225 8.712309
0.412101 8.717439
0.413978 8.722019
0.415854 8.726029
0.417731 8.729452
0.419607 8.732273
0.421484 8.734480
0.423360 8.736063
0.425237 8.737016
0.427113 8.737334

0.427113 8.737334
0.428645 8.737113
0.430177 8.736451
0.431709 8.735348
0.433242 8.733804
0.434774 8.731819
0.436306 8.729392
0.437838 8.726525
0.439370 8.723218
0.440902 8.719470
0.442434 8.715282
0.443966 8.710654
0.445499 8.705587
0.447031 8.700082
0.448563 8.694138
0.450095 8.687757
0.451627 8.680938
0.453159 8.673684
0.454692 8.665995
0.456224 8.657872
0.457756 8.649316
0.459288 8.640329
0.460820 8.630912
0.462352 8.621067
0.463884 8.610795
0.465416 8.600099
0.466949 8.588980
0.468481 8.577442
0.470013 8.565487
0.471545 8.553117
0.473077 8.540335
0.474609 8.527146
0.476141 8.513552
0.477673 8.499557
0.479206 8.485165
0.480738 8.470380
0.482270 8.455207
0.483802 8.439651
0.485334 8.423716
0.486866 8.407409
0.488399 8.390734
0.489931 8.373698
0.491463 8.356306
0.492995 8.338566
0.494527 8.320484
0.496059 8.302066
0.497591 8.283321
0.499123 8.264257
0.500656 8.244880
0.502188 8.225199
0.503720 8.205224
0.505252 8.184962
0.506784 8.164423
0.508316 8.143616
0.509848 8.122552
0.511381 8.101240
0.512913 8.079691
0.514445 8.057915
0.515977 8.035925
0.517509 8.013731
0.519041 7.991345
0.520573 7.968781
0.522106 7.946051
0.523638 7.923168
0.525170 7.900147
0.526702 7.877002
0.528234 7.853749
0.529766 7.830405
0.531298 7.806985
0.532830 7.783508
0.534363 7.759994
0.535895 7.736463
0.537427 7.712937
0.538959 7.689439
0.540491 7.665996
0.542023 7.642634
0.543555 7.619383
0.545088 7.596276
0.546620 7.573348
0.548152 7.550640
0.549684 7.528192
0.551216 7.506053
0.552748 7.484273
0.554280 7.462910
0.555813 7.442026
0.557345 7.421689
0.558877 7.401974
0.560409 7.382962
0.561941 7.364741
0.563473 7.347405
0.565005 7.331054
0.566538 7.315795
0.568070 7.301735
0.569602 7.288986
0.571134 7.277659
0.572666 7.267859
0.574198 7.259685
0.575730 7.253228
0.577263 7.248559
0.578795 7.245734
0.580327 7.244789


0.000000 8.737334
0.001769 8.737051
0.003538 8.736204
0.005307 8.734793
0.007077 8.732821
0.008846 8.730294
0.010615 8.727214
0.012384 8.723589
0.014153 8.719426
0.015922 8.714734
0.017692 8.709520
0.019461 8.703797
0.021230 8.697576
0.022999 8.690868
0.024768 8.683689
0.026537 8.676052
0.028307 8.667973
0.030076 8.659470
0.031845 8.650559
0.033614 8.641260
0.035383 8.631591
0.037152 8.621574
0.038921 8.611230
0.040691 8.600580
0.042460 8.589649
0.044229 8.578459
0.045998 8.567035
0.047767 8.555403
0.049536 8.543587
0.051306 8.531614
0.053075 8.519511
0.054844 8.507304
0.056613 8.495022
0.058382 8.482692
0.060151 8.470342
0.061921 8.457999
0.063690 8.445692
0.065459 8.433449
0.067228 8.421296
0.068997 8.409262
0.070766 8.397373
0.072536 8.385656
0.074305 8.374136
0.076074 8.362838
0.077843 8.351787
0.079612 8.341005
0.081381 8.330514
0.083151 8.320335
0.084920 8.310488
0.086689 8.300990
0.088458 8.291859
0.090227 8.283108
0.091996 8.274752
0.093766 8.266802
0.095535 8.259267
0.097304 8.252155
0.099073 8.245473
0.100842 8.239225
0.102611 8.233412
0.104380 8.228035
0.106150 8.223092
0.107919 8.218580
0.109688 8.214493
0.111457 8.210824
0.113226 8.207565
0.114995 8.204705
0.116765 8.202232
0.118534 8.200133
0.120303 8.198392
0.122072 8.196994
0.123841 8.195922
0.125610 8.195157
0.127380 8.194680
0.129149 8.194473
0.130918 8.194514
0.132687 8.194782
0.134456 8.195257
0.136225 8.195918
0.137994 8.196742
0.139764 8.197708
0.141533 8.198796
0.143302 8.199983
0.145071 8.201250
0.146840 8.202576
0.148609 8.203941
0.150379 8.205326
0.152148 8.206714
0.153917 8.208087
0.155686 8.209427
0.157455 8.210721
0.159224 8.211952
0.160994 8.213108
0.162763 8.214177
0.164532 8.215146
0.166301 8.216007
0.168070 8.216750
0.169839 8.217368
0.171608 8.217855
0.173378 8.218206
0.175147 8.218419
0.176916 8.218490

0.176916 8.218490
0.177541 8.218488
0.178167 8.218484
0.178792 8.218477
0.179418 8.218467
0.180043 8.218455
0.180669 8.218440
0.181294 8.218423
0.181920 8.218403
0.182545 8.218380
0.183171 8.218355
0.183796 8.218328
0.184422 8.218299
0.185047 8.218267
0.185673 8.218234
0.186298 8.218199
0.186924 8.218162
0.187549 8.218124
0.188175 8.218085
0.188800 8.218044
0.189426 8.218003
0.190051 8.217960
0.190677 8.217918
0.191302 8.217874
0.191928 8.217831
0.192553 8.217788
0.193179 8.217745
0.193804 8.217703
0.194430 8.217661
0.195055 8.217621
0.195681 8.217582
0.196306 8.217544
0.196932 8.217509
0.197557 8.217475
0.198183 8.217444
0.198808 8.217416
0.199434 8.217392
0.200059 8.217370
0.200685 8.217352
0.201310 8.217339
0.201936 8.217329
0.202561 8.217325
0.203187 8.217325
0.203812 8.217331
0.204438 8.217343
0.205063 8.217361
0.205689 8.217385
0.206314 8.217416
0.206940 8.217455
0.207565 8.217501
0.208191 8.217555
0.208816 8.217617
0.209442 8.217688
0.210067 8.217768
0.210693 8.217858
0.211318 8.217958
0.211944 8.218068
0.212569 8.218188
0.213195 8.218320
0.213820 8.218463
0.214446 8.218618
0.215071 8.218785
0.215697 8.218965
0.216322 8.219158
0.216947 8.219364
0.217573 8.219584
0.218198 8.219818
0.218824 8.220067
0.219449 8.220331
0.220075 8.220610
0.220700 8.220904
0.221326 8.221215
0.221951 8.221543
0.222577 8.221887
0.223202 8.222248
0.223828 8.222627
0.224453 8.223024
0.225079 8.223439
0.225704 8.223873
0.226330 8.224326
0.226955 8.224798
0.227581 8.225290
0.228206 8.225802
0.228832 8.226335
0.229457 8.226888
0.230083 8.227462
0.230708 8.228057
0.231334 8.228674
0.231959 8.229312
0.232585 8.229973
0.233210 8.230657
0.233836 8.231363
0.234461 8.232092
0.235087 8.232844
0.235712 8.233620
0.236338 8.234420
0.236963 8.235243
0.237589 8.236091
0.238214 8.236964
0.238840 8.237861
0.239465 8.238782

0.239465 8.238782
0.241342 8.241699
0.243218 8.244845
0.245095 8.248226
0.246971 8.251843
0.248848 8.255700
0.250724 8.259797
0.252601 8.264136
0.254477 8.268715
0.256354 8.273534
0.258230 8.278592
0.260107 8.283884
0.261983 8.289407
0.263860 8.295158
0.265736 8.301130
0.267612 8.307317
0.269489 8.313713
0.271365 8.320310
0.273242 8.327100
0.275118 8.334074
0.276995 8.341223
0.278871 8.348537
0.280748 8.356005
0.282624 8.363616
0.284501 8.371360
0.286377 8.379224
0.288254 8.387197
0.290130 8.395266
0.292007 8.403420
0.293883 8.411645
0.295760 8.419930
0.297636 8.428261
0.299513 8.436626
0.301389 8.445013
0.303266 8.453409
0.305142 8.461802
0.307018 8.470181
0.308895 8.478533
0.310771 8.486847
0.312648 8.484938
0.314524 8.480384
0.316401 8.475983
0.318277 8.471778
0.320154 8.467809
0.322030 8.464114
0.323907 8.460730
0.325783 8.457695
0.327660 8.455041
0.329536 8.452802
0.331413 8.451006
0.333289 8.449680
0.335166 8.448848
0.337042 8.448531
0.338919 8.448747
0.340795 8.449509
0.342672 8.450828
0.344548 8.452711
0.346425 8.455162
0.348301 8.458180
0.350177 8.461761
0.352054 8.465899
0.353930 8.470581
0.355807 8.475793
0.357683 8.481517
0.359560 8.487733
0.361436 8.494416
0.363313 8.501539
0.365189 8.509073
0.367066 8.516985
0.368942 8.525242
0.370819 8.533808
0.372695 8.542643
0.374572 8.551710
0.376448 8.560966
0.378325 8.570372
0.380201 8.579883
0.382078 8.591118
0.383954 8.603552
0.385831 8.615381
0.387707 8.626612
0.389584 8.637253
0.391460 8.647313
0.393336 8.656801
0.395213 8.665723
0.397089 8.674088
0.398966 8.681904
0.400842 8.689178
0.402719 8.695916
0.404595 8.702127
0.406472 8.707815
0.408348 8.712987
0.410225 8.717650
0.412101 8.721807
0.413978 8.725464
0.415854 8.728624
0.417731 8.731292
0.419607 8.733471
0.421484 8.735162
0.423360 8.736369
0.425237 8.737093
0.427113 8.737334

0.427113 8.737334
0.428645 8.737242
0.430177 8.736965
0.431709 8.736506
0.433242 8.735863
0.434774 8.735040
0.436306 8.734039
0.437838 8.732861
0.439370 8.731510
0.440902 8.729989
0.442434 8.728303
0.443966 8.726454
0.445499 8.724449
0.447031 8.722292
0.448563 8.719988
0.450095 8.717543
0.451627 8.714964
0.453159 8.712257
0.454692 8.709430
0.456224 8.706488
0.457756 8.703440
0.459288 8.700295
0.460820 8.697058
0.462352 8.693740
0.463884 8.690349
0.465416 8.686893
0.466949 8.683381
0.468481 8.679822
0.470013 8.676226
0.471545 8.672602
0.473077 8.668960
0.474609 8.665307
0.476141 8.661655
0.477673 8.658012
0.479206 8.654387
0.480738 8.650790
0.482270 8.647230
0.483802 8.643715
0.485334 8.640254
0.486866 8.636857
0.488399 8.633530
0.489931 8.630281
0.491463 8.627120
0.492995 8.624051
0.494527 8.621083
0.496059 8.618222
0.497591 8.615473
0.499123 8.612843
0.500656 8.610335
0.502188 8.607956
0.503720 8.605707
0.505252 8.603594
0.506784 8.601618
0.508316 8.599782
0.509848 8.598088
0.511381 8.596537
0.512913 8.595128
0.514445 8.593863
0.515977 8.592740
0.517509 8.591759
0.519041 8.590916
0.520573 8.590211
0.522106 8.589640
0.523638 8.589199
0.525170 8.588884
0.526702 8.588692
0.528234 8.588617
0.529766 8.588654
0.531298 8.588798
0.532830 8.589041
0.534363 8.589379
0.535895 8.589804
0.537427 8.590308
0.538959 8.590886
0.540491 8.591530
0.542023 8.592232
0.543555 8.592985
0.545088 8.593780
0.546620 8.594611
0.548152 8.595470
0.549684 8.596349
0.551216 8.597240
0.552748 8.598137
0.554280 8.599031
0.555813 8.599917
0.557345 8.600786
0.558877 8.601632
0.560409 8.602450
0.561941 8.603232
0.563473 8.603974
0.565005 8.604670
0.566538 8.605316
0.568070 8.605905
0.569602 8.606436
0.571134 8.606903
0.572666 8.607303
0.574198 8.607635
0.575730 8.607895
0.577263 8.608082
0.578795 8.608195
0.580327 8.608233


0.000000 8.737334
0.001769 8.737359
0.003538 8.737435
0.005307 8.737559
0.007077 8.737729
0.008846 8.737941
0.010615 8.738189
0.012384 8.738468
0.014153 8.738771
0.015922 8.739088
0.017692 8.739412
0.019461 8.739732
0.021230 8.740036
0.022999 8.740314
0.024768 8.740551
0.026537 8.740735
0.028307 8.740851
0.030076 8.740884
0.031845 8.740818
0.033614 8.740637
0.035383 8.740325
0.037152 8.739863
0.038921 8.739235
0.040691 8.738422
0.042460 8.737406
0.044229 8.736168
0.045998 8.734690
0.047767 8.732952
0.049536 8.730936
0.051306 8.728623
0.053075 8.725994
0.054844 8.723029
0.056613 8.719711
0.058382 8.716021
0.060151 8.711941
0.061921 8.707453
0.063690 8.702539
0.065459 8.697182
0.067228 8.691365
0.068997 8.685073
0.070766 8.678289
0.072536 8.670998
0.074305 8.663185
0.076074 8.654837
0.077843 8.645939
0.079612 8.636480
0.081381 8.626446
0.083151 8.615826
0.084920 8.604609
0.086689 8.592785
0.088458 8.580344
0.090227 8.567277
0.091996 8.553577
0.093766 8.539235
0.095535 8.524245
0.097304 8.508600
0.099073 8.492296
0.100842 8.475326
0.102611 8.457687
0.104380 8.439375
0.106150 8.420387
0.107919 8.400721
0.109688 8.380374
0.111457 8.359346
0.113226 8.337634
0.114995 8.315240
0.116765 8.292162
0.118534 8.268401
0.120303 8.243959
0.122072 8.218836
0.123841 8.195922
0.125610 8.195157
0.127380 8.194680
0.129149 8.194473
0.130918 8.194514
0.132687 8.194782
0.134456 8.195257
0.136225 8.195918
0.137994 8.196742
0.139764 8.197708
0.141533 8.198796
0.143302 8.199983
0.145071 8.201250
0.146840 8.202576
0.148609 8.203941
0.150379 8.205326
0.152148 8.206714
0.153917 8.208087
0.155686 8.209427
0.157455 8.210721
0.159224 8.211952
0.160994 8.213108
0.162763 8.214177
0.164532 8.215146
0.166301 8.216007
0.168070 8.216750
0.169839 8.217368
0.171608 8.217855
0.173378 8.218206
0.175147 8.218419
0.176916 8.218490

0.176916 8.218490
0.177541 8.218529
0.178167 8.218648
0.178792 8.218845
0.179418 8.219122
0.180043 8.219477
0.180669 8.219910
0.181294 8.220421
0.181920 8.221010
0.182545 8.221677
0.183171 8.222419
0.183796 8.223238
0.184422 8.224133
0.185047 8.225102
0.185673 8.226145
0.186298 8.227262
0.186924 8.228451
0.187549 8.229712
0.188175 8.231044
0.188800 8.232445
0.189426 8.233916
0.190051 8.235454
0.190677 8.237059
0.191302 8.238729
0.191928 8.240465
0.192553 8.242263
0.193179 8.244124
0.193804 8.246046
0.194430 8.248028
0.195055 8.250068
0.195681 8.252166
0.196306 8.254320
0.196932 8.256528
0.197557 8.258790
0.198183 8.261104
0.198808 8.263468
0.199434 8.265882
0.200059 8.268344
0.200685 8.270853
0.201310 8.273407
0.201936 8.276004
0.202561 8.278644
0.203187 8.281325
0.203812 8.284046
0.204438 8.286805
0.205063 8.289601
0.205689 8.292433
0.206314 8.295298
0.206940 8.298197
0.207565 8.301126
0.208191 8.304086
0.208816 8.307074
0.209442 8.310089
0.210067 8.313130
0.210693 8.316195
0.211318 8.319284
0.211944 8.322394
0.212569 8.325524
0.213195 8.328673
0.213820 8.331840
0.214446 8.335023
0.215071 8.338222
0.215697 8.341433
0.216322 8.344657
0.216947 8.347893
0.217573 8.351137
0.218198 8.354390
0.218824 8.357651
0.219449 8.360917
0.220075 8.364188
0.220700 8.367462
0.221326 8.370738
0.221951 8.374014
0.222577 8.377291
0.223202 8.380565
0.223828 8.383837
0.224453 8.387105
0.225079 8.390367
0.225704 8.393623
0.226330 8.396871
0.226955 8.400111
0.227581 8.403340
0.228206 8.406558
0.228832 8.409763
0.229457 8.412956
0.230083 8.416133
0.230708 8.419295
0.231334 8.422440
0.231959 8.425567
0.232585 8.428675
0.233210 8.431763
0.233836 8.434829
0.234461 8.437874
0.235087 8.440895
0.235712 8.443891
0.236338 8.446863
0.236963 8.449808
0.237589 8.452725
0.238214 8.455615
0.238840 8.458475
0.239465 8.461304

0.239465 8.461304
0.241342 8.469602
0.243218 8.477594
0.245095 8.485257
0.246971 8.492568
0.248848 8.499506
0.250724 8.506051
0.252601 8.512185
0.254477 8.517892
0.256354 8.523156
0.258230 8.527964
0.260107 8.532305
0.261983 8.536169
0.263860 8.539549
0.265736 8.542438
0.267612 8.544834
0.269489 8.546734
0.271365 8.548141
0.273242 8.549056
0.275118 8.549486
0.276995 8.549439
0.278871 8.548924
0.280748 8.547953
0.282624 8.546543
0.284501 8.544711
0.286377 8.542475
0.288254 8.539859
0.290130 8.536886
0.292007 8.533583
0.293883 8.529979
0.295760 8.526104
0.297636 8.521991
0.299513 8.517675
0.301389 8.513191
0.303266 8.508577
0.305142 8.503871
0.307018 8.499113
0.308895 8.494344
0.310771 8.489605
0.312648 8.495112
0.314524 8.503317
0.316401 8.511452
0.318277 8.519507
0.320154 8.527472
0.322030 8.535338
0.323907 8.543098
0.325783 8.550742
0.327660 8.558263
0.329536 8.565654
0.331413 8.572908
0.333289 8.580021
0.335166 8.586985
0.337042 8.593797
0.338919 8.600451
0.340795 8.606944
0.342672 8.613273
0.344548 8.619434
0.346425 8.625426
0.348301 8.631246
0.350177 8.636892
0.352054 8.642365
0.353930 8.647663
0.355807 8.652785
0.357683 8.657733
0.359560 8.662507
0.361436 8.667107
0.363313 8.671535
0.365189 8.675792
0.367066 8.679881
0.368942 8.683802
0.370819 8.687558
0.372695 8.691152
0.374572 8.694586
0.376448 8.697863
0.378325 8.700985
0.380201 8.703956
0.382078 8.706779
0.383954 8.709456
0.385831 8.711991
0.387707 8.714387
0.389584 8.716647
0.391460 8.718774
0.393336 8.720770
0.395213 8.722640
0.397089 8.724386
0.398966 8.726011
0.400842 8.727516
0.402719 8.728906
0.404595 8.730183
0.406472 8.731348
0.408348 8.732405
0.410225 8.733354
0.412101 8.734199
0.413978 8.734940
0.415854 8.735579
0.417731 8.736118
0.419607 8.736557
0.421484 8.736897
0.423360 8.737140
0.425237 8.737286
0.427113 8.737334

0.427113 8.737334
0.428645 8.737242
0.430177 8.736965
0.431709 8.736506
0.433242 8.735863
0.434774 8.735040
0.436306 8.734039
0.437838 8.732861
0.439370 8.731510
0.440902 8.729989
0.442434 8.728303
0.443966 8.726454
0.445499 8.724449
0.447031 8.722292
0.448563 8.719988
0.450095 8.717543
0.451627 8.714964
0.453159 8.712257
0.454692 8.709430
0.456224 8.706488
0.457756 8.703440
0.459288 8.700295
0.460820 8.697058
0.462352 8.693740
0.463884 8.690349
0.465416 8.686893
0.466949 8.683381
0.468481 8.679822
0.470013 8.676226
0.471545 8.672602
0.473077 8.668960
0.474609 8.665307
0.476141 8.661655
0.477673 8.658012
0.479206 8.654387
0.480738 8.650790
0.482270 8.647230
0.483802 8.643715
0.485334 8.640254
0.486866 8.636857
0.488399 8.633530
0.489931 8.630281
0.491463 8.627120
0.492995 8.624051
0.494527 8.621083
0.496059 8.618222
0.497591 8.615473
0.499123 8.612843
0.500656 8.610335
0.502188 8.607956
0.503720 8.605707
0.505252 8.603594
0.506784 8.601618
0.508316 8.599782
0.509848 8.598088
0.511381 8.596537
0.512913 8.595128
0.514445 8.593863
0.515977 8.592740
0.517509 8.591759
0.519041 8.590916
0.520573 8.590211
0.522106 8.589640
0.523638 8.589199
0.525170 8.588884
0.526702 8.588692
0.528234 8.588617
0.529766 8.588654
0.531298 8.588798
0.532830 8.589041
0.534363 8.589379
0.535895 8.589804
0.537427 8.590308
0.538959 8.590886
0.540491 8.591530
0.542023 8.592232
0.543555 8.592985
0.545088 8.593780
0.546620 8.594611
0.548152 8.595470
0.549684 8.596349
0.551216 8.597240
0.552748 8.598137
0.554280 8.599031
0.555813 8.599917
0.557345 8.600786
0.558877 8.601632
0.560409 8.602450
0.561941 8.603232
0.563473 8.603974
0.565005 8.604670
0.566538 8.605316
0.568070 8.605905
0.569602 8.606436
0.571134 8.606903
0.572666 8.607303
0.574198 8.607635
0.575730 8.607895
0.577263 8.608082
0.578795 8.608195
0.580327 8.608233


