0.0, 0.0, 0.0, 0.0, 0.0
0.5757683294520465, 0.9710739900000362, -1.380129, -1.380129, -1.380129
1.1515539794121683, 2.1214491300000304, -0.842796, -0.842796, -0.842796
1.7273223088642145, 2.848519030000034, -0.90635, -0.90635, -0.90635
2.3030906383162604, 4.223450940000021, -1.750151, -1.750151, -1.750151
2.8788762882763823, 6.035691450000002, -1.796766, -1.796766, -1.796766
3.4546446177284285, 7.372695090000036, -0.610039, -0.610039, -0.610039
4.030412947180475, 7.414679960000001, 0.400337, 0.400337, 0.400337
4.60618127663252, 6.604123800000025, 0.981906, 0.981906, 0.981906
5.181966926592643, 6.407417450000025, -1.199155, -1.199155, -1.199155
5.757735256044689, 12.673505780000028, -16.281416, -16.281416, -16.281416
