0.0, -289.19594812, 0.0, 0.0, 0.0
0.5757683294520465, -288.22487413, -1.380129, -1.380129, -1.380129
1.1515539794121683, -287.07449899, -0.842796, -0.842796, -0.842796
1.7273223088642145, -286.34742909, -0.90635, -0.90635, -0.90635
2.3030906383162604, -284.97249718, -1.750151, -1.750151, -1.750151
2.8788762882763823, -283.16025667, -1.796766, -1.796766, -1.796766
3.4546446177284285, -281.82325303, -0.610039, -0.610039, -0.610039
4.030412947180475, -281.78126816, 0.400337, 0.400337, 0.400337
4.60618127663252, -282.59182432, 0.981906, 0.981906, 0.981906
5.181966926592643, -282.78853067, -1.199155, -1.199155, -1.199155
5.757735256044689, -276.52244234, -16.281416, -16.281416, -16.281416
