0.0, 0.0, 0.0, 0.0, 0.0
0.3741229744348774, 0.5032400000000052, -1.2708200005208201, -1.2708200005182821, -1.27081999833717
0.7482459488697553, 1.3697099999999978, -1.27390000052082, -1.2739000005182821, -1.27389999833717
1.1223689233046328, 2.01437999999996, -0.59063300052082, -0.5906330005182819, -0.59063299833717
1.4964918977395096, 2.2243899999999712, -0.32984900052082, -0.329849000518282, -0.32984899833717
1.8706148721743876, 2.649939999999958, -1.03077000052082, -1.030770000518282, -1.0307699983371699
2.2447378466092656, 3.5602799999999775, -1.65373000052082, -1.653730000518282, -1.6537299983371698
2.6188608210441426, 4.586889999999983, -1.39485000052082, -1.394850000518282, -1.3948499983371698
2.99298379547902, 5.356769999999983, -1.08772000052082, -1.087720000518282, -1.08771999833717
3.3671067699138972, 6.032719999999983, -0.93465400052082, -0.934654000518282, -0.93465399833717
3.741229744348775, 6.411810000000003, -0.14828100052082, -0.148281000518282, -0.14828099833716998
4.115352718783653, 6.250630000000001, 0.5221609994791799, 0.522160999481718, 0.52216100166283
4.48947569321853, 5.911560000000009, 0.49693199947918, 0.496931999481718, 0.49693200166282997
4.863598667653408, 5.608689999999967, 0.31759699947918, 0.31759699948171805, 0.31759700166283
5.237721642088286, 5.829250000000002, -1.37182000052082, -1.3718200005182821, -1.37181999833717
5.611844616523162, 8.642909999999972, -9.10963000052082, -9.109630000518282, -9.10962999833717
5.985967590958039, 20.015719999999988, -28.26210000052082, -28.26210000051828, -28.26209999833717
