-49.8976903, -49.86225676443645, 12
-49.71161694, -49.71339178285254, 12
-51.38294337, -51.38040379262522, 12
-48.78455787, -48.78704464287911, 12
-50.63646821, -50.61203840896717, 12
-52.49028161, -52.466194275339845, 12
-51.84964944, -51.84278604257443, 12
-49.70829178, -49.71007195941347, 12
-52.04584968, -52.03596055224524, 12
-52.45941581, -52.43713736658099, 12
-51.4013231, -51.3986784318665, 12
-52.41218143, -52.3803804007014, 12
-46.18333939, -46.19771174508524, 12
-51.21527002, -51.191755173855526, 12
-47.47716067, -47.483084073912345, 12
-51.4693953, -51.444048619166516, 12
-47.9629655, -47.9670167406491, 12
-51.47904696, -51.45361603146162, 12
-52.201235, -52.169106606448224, 12
-49.4677595, -49.420891882538555, 12
