-4.09401418, -4.096693939771283, 1
-4.17329888, -4.179772470418163, 1
-3.8141701, -3.828362416860685, 1
-4.16433755, -4.169883911068922, 1
-4.16029376, -4.170458994308422, 1
-4.01773549, -4.020006588503621, 1
-4.17287564, -4.180337480733068, 1
-4.18667233, -4.191694660203872, 1
-4.15672561, -4.165552271608389, 1
-4.17411537, -4.182032624179362, 1
-4.1193692, -4.128987214036532, 1
-4.04044631, -4.040968703754453, 1
-4.12395703, -4.126794346660134, 1
-4.13806378, -4.1408236533720615, 1
-4.10236241, -4.106082495846908, 1
-3.87265623, -3.8887767805525773, 1
-4.14987397, -4.15536188935965, 1
-4.16625051, -4.169762806317371, 1
-4.14878351, -4.1534940520235475, 1
-4.13730029, -4.141191264440938, 1
-4.17611619, -4.183157734058655, 1
-4.17395411, -4.1782343489966856, 1
-4.18042945, -4.17390254947987, 1
-4.17446208, -4.166671493260544, 1
-4.18078482, -4.1710755216476505, 1
-4.16179117, -4.15506120599073, 1
-4.16166375, -4.159632493432426, 1
-4.16885845, -4.161333641191138, 1
-4.1600996, -4.152936857053377, 1
-4.17603524, -4.169668862176721, 1
-4.13989015, -4.134314915477431, 1
-4.10859095, -4.102979558799135, 1
-4.16486347, -4.159081829660733, 1
-4.17914613, -4.17232942390266, 1
-4.15837677, -4.154484101665624, 1
-4.0828318, -4.067931636645918, 1
-4.15892695, -4.1530029271233655, 1
-4.1628018, -4.156434655159728, 1
-4.17783806, -4.17052388085508, 1
-4.18020528, -4.171593254446321, 1
-4.15716753, -4.151800740942511, 1
-4.14984513, -4.143166467149564, 1
-4.15810835, -4.150982307407844, 1
-4.14391246, -4.140839218814946, 1
-4.15428137, -4.1486563679040085, 1
-4.16838354, -4.160802505023227, 1
-4.17631048, -4.168881499945388, 1
-4.170617, -4.165194404430363, 1
-4.17552854, -4.169639201672421, 1
-4.12610355, -4.115604787902548, 1
-4.15435253, -4.146406284542277, 1
-4.16114638, -4.153253111132771, 1
-4.17890389, -4.1732164539172345, 1
-4.03881841, -4.037505198841739, 1
-4.13847905, -4.12760104398124, 1
-4.1808063, -4.172916283507069, 1
-4.10868672, -4.100218535355554, 1
-4.05634835, -4.051049396749065, 1
-4.16684301, -4.159509171680069, 1
-4.16014656, -4.152352466413694, 1
-4.17602603, -4.167430703251102, 1
-4.15220018, -4.1482372442135, 1
-34.27450353, -34.39002555361336, 8
-34.1558994, -34.218493810512186, 8
-34.27901206, -34.32250972767728, 8
-34.6587843, -34.64280837228842, 8
-34.07166237, -34.14901093457011, 8
-33.6741525, -33.84087158670994, 8
-34.05725689, -34.136972206280234, 8
-34.70274131, -34.71631318206456, 8
-34.47892014, -34.54924001885919, 8
-34.41107733, -34.43054729984392, 8
-33.60853802, -33.78559190615309, 8
-34.91841157, -34.880741914271916, 8
-33.72452785, -33.8638589608094, 8
-34.5295371, -34.551281496897225, 8
-34.33518702, -34.41125306329521, 8
-34.69387169, -34.682698925956636, 8
-34.58854191, -34.59800737055705, 8
-33.84742911, -33.937408092889946, 8
-34.6973751, -34.704884832177136, 8
-34.51058854, -34.54930088121249, 8
-34.55424888, -34.55502245124385, 8
-34.59520655, -34.64760829661738, 8
-34.71265612, -34.72353163106268, 8
-34.11189133, -34.188566527772885, 8
-34.50841366, -34.56708472077359, 8
-34.45106659, -34.46548533670145, 8
-34.54867031, -34.55293049616863, 8
-34.40764293, -34.48045144410082, 8
-34.73904268, -34.75683896319901, 8
-34.168796, -34.23159526148441, 8
-34.12818724, -34.2097760345023, 8
-34.71084683, -34.69706132438628, 8
-34.56948292, -34.584550088310216, 8
-34.34881716, -34.424143604743584, 8
-34.4304465, -34.48144099603305, 8
-34.60267561, -34.61655717600012, 8
-34.26486967, -34.354323359293765, 8
-34.55792584, -34.56991068034828, 8
-34.63268811, -34.68036199267836, 8
-33.33151501, -33.608868018142076, 8
-8.27915622, -8.284946817842863, 2
-8.07541551, -8.077587779251875, 2
-8.29141222, -8.30093500018517, 2
-8.25339069, -8.235722044739125, 2
-8.05936779, -8.051631052875571, 2
-8.09988914, -8.135842125286992, 2
-8.35294543, -8.349448176937411, 2
-7.79282955, -7.789224896220967, 2
-8.21760462, -8.203234495679379, 2
-8.314013, -8.32370774568161, 2
-8.08896857, -8.091087137808882, 2
-8.30613871, -8.309121369472706, 2
-8.170087, -8.177247528393842, 2
-8.20450922, -8.194307671161052, 2
-7.48096488, -7.493741046899817, 2
-8.22914804, -8.2372931766054, 2
-8.27950348, -8.276576288882548, 2
-8.27856789, -8.286701755902424, 2
-8.27097737, -8.275102293458602, 2
-8.25255485, -8.249178481172384, 2
-17.97324328, -18.0046695467461, 4
-17.06515219, -17.110322624662032, 4
-17.32786661, -17.366313011530075, 4
-17.45198197, -17.472076471036594, 4
-17.60988495, -17.64253936551846, 4
-16.44697543, -16.45813193089424, 4
-17.82620387, -17.857508408860905, 4
-17.41894516, -17.454960546812366, 4
-17.30966073, -17.32697138884396, 4
-16.6045882, -16.615910291041693, 4
-18.00186775, -18.034229805073405, 4
-17.99846986, -18.030883539381144, 4
-15.81360722, -15.824908672123618, 4
-17.56042577, -17.593608017668387, 4
-17.13821353, -17.181638531494375, 4
-17.85229068, -17.88328691128219, 4
-18.00059521, -18.03294178373139, 4
-17.47985389, -17.514437533382434, 4
-17.31966607, -17.358333027529245, 4
-17.17354343, -17.216040224775618, 4
-49.8976903, -49.862256764436445, 12
-49.71161694, -49.71339178285254, 12
-51.38294337, -51.38040379262522, 12
-48.78455787, -48.78704464287911, 12
-50.63646821, -50.61203840896717, 12
-52.49028161, -52.46619427533985, 12
-51.84964944, -51.84278604257443, 12
-49.70829178, -49.71007195941347, 12
-52.04584968, -52.03596055224524, 12
-52.45941581, -52.437137366580984, 12
-51.4013231, -51.3986784318665, 12
-52.41218143, -52.3803804007014, 12
-46.18333939, -46.19771174508524, 12
-51.21527002, -51.191755173855526, 12
-47.47716067, -47.483084073912345, 12
-51.4693953, -51.444048619166516, 12
-47.9629655, -47.9670167406491, 12
-51.47904696, -51.45361603146162, 12
-52.201235, -52.169106606448224, 12
-49.4677595, -49.420891882538555, 12
-8.43766224, -8.439130026034178, 2
-8.49653557, -8.497452286085775, 2
-8.11808978, -8.117023422424122, 2
-7.64998364, -7.655575504485245, 2
-8.48694243, -8.487983259864919, 2
-8.51749118, -8.519105992941654, 2
-8.43551712, -8.436996015588221, 2
-8.56839153, -8.56689539707564, 2
-8.55288955, -8.55155619993208, 2
-7.75141874, -7.756721212019118, 2
-8.56003874, -8.558615338055056, 2
-8.5687779, -8.567280207857657, 2
-8.57657511, -8.575338796587843, 2
-8.29356297, -8.295663223143062, 2
-8.54842451, -8.549423672460989, 2
-8.45360638, -8.454879276818723, 2
-8.57518659, -8.57374030066957, 2
-8.29706283, -8.29740264654352, 2
-8.44917201, -8.450430750925522, 2
-8.44443331, -8.445678186561425, 2
-8.55789168, -8.563058371445486, 2
-8.66025225, -8.659273964966882, 2
-8.8353366, -8.84503066980033, 2
-8.81591936, -8.822286019916588, 2
-8.26594647, -8.279444706224174, 2
-8.64780409, -8.650980661818888, 2
-8.51294142, -8.51136035172132, 2
-9.03429864, -9.034234890044614, 2
-9.03617877, -9.035931446399044, 2
-8.76715623, -8.768015565646927, 2
-8.15926286, -8.157711958030825, 2
-7.35861561, -7.353417831696764, 2
-8.82562091, -8.821172074442064, 2
-8.8925428, -8.88960625172413, 2
-8.9702642, -8.966584697248207, 2
-8.55057621, -8.550272530145659, 2
-8.95183455, -8.954734959019998, 2
-8.89610419, -8.897250085211486, 2
-8.39740138, -8.394051963265929, 2
-9.0337424, -9.033537074786144, 2
-8.97860108, -8.979292055244125, 2
-8.98582749, -8.984706349773495, 2
-8.64101886, -8.640597073967342, 2
-9.03344138, -9.033318387912301, 2
-8.90813216, -8.909017405332055, 2
-8.97665756, -8.975491226223207, 2
-8.94273571, -8.94315635238365, 2
-9.03448097, -9.03429834298899, 2
-7.66979255, -7.67142377993959, 2
-7.27806144, -7.28018435413559, 2
-8.92040307, -8.919620859669642, 2
-8.98800522, -8.986377595755242, 2
-8.74814872, -8.741630511190525, 2
-9.0326819, -9.032471453215258, 2
-8.84430951, -8.844603694872259, 2
-8.39226654, -8.391947056873116, 2
-9.03492759, -9.034742757646217, 2
-7.41409501, -7.416408921995676, 2
-9.00833666, -9.008277335218178, 2
-8.86281733, -8.868742356582697, 2
-9.03616092, -9.035922778110306, 2
-8.97541275, -8.97810831261214, 2
-8.95293072, -8.954043428728173, 2
-9.03347948, -9.033304202556097, 2
-9.03204344, -9.031879798157979, 2
-8.53950188, -8.536657911192393, 2
-8.97588108, -8.975176899167174, 2
-26.92697195, -26.923581896709955, 6
-26.68701464, -26.68438143629595, 6
-26.95959441, -26.95892375177618, 6
-26.75756745, -26.753555111166126, 6
-26.95200294, -26.948515942693863, 6
-26.93196904, -26.937131642691902, 6
-26.90724864, -26.906712217569726, 6
-26.90915494, -26.908502747310642, 6
-26.81849694, -26.81399394317273, 6
-26.95243328, -26.946166138334362, 6
-26.86449311, -26.861663001593072, 6
-26.69370618, -26.6944585176792, 6
-9.02200583, -9.021564227511009, 2
-26.9079766, -26.90302853382272, 6
-26.988544, -26.98177744075904, 6
-27.02557995, -27.02556189723561, 6
-26.9625709, -26.954421420944783, 6
-26.97748849, -26.97546406172369, 6
-26.70919735, -26.70973202147274, 6
-26.7217103, -26.719167655441545, 6
-26.8820402, -26.876335300575168, 6
-26.73454464, -26.73327776928851, 6
-26.80989983, -26.806265409796026, 6
-26.91051757, -26.907793946011793, 6
-26.97454211, -26.97006359242839, 6
-26.63409708, -26.637264540735675, 6
-26.71003353, -26.709107955575064, 6
-26.90451867, -26.89818379035274, 6
-26.7758741, -26.77675185174811, 6
-26.86575242, -26.859675230363607, 6
-26.96079602, -26.960207111608185, 6
-26.83206027, -26.843543961782675, 6
-26.99049969, -26.985920178858446, 6
-8.96946596, -8.969428649771478, 2
-26.88985757, -26.88303710402941, 6
-26.6245835, -26.617064398385057, 6
-27.03404036, -27.031665991137494, 6
-26.98199562, -26.977209975876313, 6
-26.60241753, -26.60191274294557, 6
-26.98992922, -26.981345439355522, 6
-26.87337753, -26.863102139872126, 6
-26.74835437, -26.749348321635647, 6
-26.87207085, -26.865833340634858, 6
-26.92548889, -26.924467689127994, 6
-26.73856258, -26.73894706495861, 6
-26.79849271, -26.801267144222642, 6
-26.98176961, -26.981530225415362, 6
-26.76669712, -26.75802263990789, 6
-26.96678125, -26.96516801281232, 6
-27.00704972, -27.002375403181, 6
-899.34988361, -899.388884496455, 217
-906.18891697, -906.1846964049927, 217
-903.93831162, -904.0335551446154, 217
-911.2769048, -911.2499698455925, 217
-898.1191639, -898.1360733746918, 217
-917.26149593, -917.2175831273915, 217
-905.95085496, -905.9737404143866, 217
-902.14747396, -902.066496729234, 217
-901.98187182, -902.0034802849997, 217
-908.38989607, -908.384402064733, 217
-902.97507448, -902.9814044509443, 217
-904.07295766, -904.0254474967583, 217
-895.29219205, -895.3048197730085, 217
-908.36221361, -908.350344805757, 217
-912.95400861, -912.9371012181292, 217
-905.77802717, -905.787942508129, 217
-908.44243357, -908.4643648057737, 217
-901.96871099, -901.9923862264153, 217
-896.7516926, -896.8019182733973, 217
-903.52377665, -903.4513226328365, 217
-895.67728488, -895.7425999120646, 217
-274.79552969, -274.81856826289106, 63
-273.36271612, -273.43399594385824, 63
-273.07206952, -273.0206512548334, 63
-273.93583341, -273.887324491234, 63
-272.13140827, -272.1773537890156, 63
-270.45303299, -270.42305860921095, 63
-274.23404379, -274.2002099120673, 63
-275.04962207, -275.05504072532756, 63
-273.76165159, -273.790247934788, 63
-274.86976598, -274.92121054823485, 63
-274.75590837, -274.72038293365216, 63
-274.48823722, -274.51980232518656, 63
-270.81126265, -270.8444756445479, 63
-273.3342349, -273.34678352565624, 63
-273.93337086, -273.9278727621648, 63
-273.91672208, -273.94565798208293, 63
-272.36259294, -272.3900268420758, 63
-273.98016739, -273.9880339532094, 63
-273.22883193, -273.2658438531453, 63
-275.40247808, -275.40126305703905, 63
-274.49580171, -274.55103519300735, 63
-272.47500099, -272.40996043207286, 63
-275.49941461, -275.48435904966004, 63
-274.45930467, -274.53898714515947, 63
-274.81913749, -274.78711266222507, 63
-272.04910721, -272.01872860066106, 63
-272.8082227, -272.7956297819011, 63
-271.63729053, -271.68015246194153, 63
-272.61803668, -272.5857617663539, 63
-274.82890931, -274.9167047503869, 63
-274.40667559, -274.3619277935931, 63
-275.292221, -275.3578447085924, 63
-270.76599916, -270.7606428493983, 63
-272.70889955, -272.7244394220039, 63
-271.45594265, -271.3776620044223, 63
-273.3440649, -273.384984403137, 63
-272.69058323, -272.76162969145474, 63
-274.95701369, -274.931481410116, 63
-272.59131553, -272.5851987869369, 63
-275.06579793, -275.0438828942507, 63
-272.99645056, -272.9441394796954, 63
-270.49070218, -270.5290120643189, 63
-273.65786625, -273.66326863657724, 63
-272.82843565, -272.83411105757364, 63
-270.43640303, -270.38223075349237, 63
-273.61702763, -273.60258102996977, 63
-273.75698789, -273.73619159085035, 63
-274.36487138, -274.35880233293454, 63
-274.09469944, -274.2112446478474, 63
-272.33411183, -272.3541500193919, 63
-273.42375144, -273.42842376144546, 63
-273.17266386, -273.12846148007145, 63
-274.73454918, -274.78265619262663, 63
-272.29432187, -272.212475020429, 63
-274.11881023, -274.1437780650099, 63
-274.56028447, -274.61007951505405, 63
-272.93734016, -272.89153093910556, 63
-272.98336498, -272.9683829829414, 63
-274.15508886, -274.1004384919766, 63
-274.4603849, -274.49686544334577, 63
-273.81772711, -273.7827323448029, 63
-273.65567861, -273.737705720892, 63
-270.68163244, -270.5963559991079, 63
-273.75702839, -273.7653123656412, 63
-272.03965535, -272.02794234841264, 63
-273.2484025, -273.14332397683256, 63
-273.78580757, -273.77527074570907, 63
-273.03610265, -272.96378845720665, 63
-273.44295098, -273.4890833828644, 63
-273.07466997, -273.11782913185806, 63
-273.73444836, -273.7349677340774, 63
-274.40471687, -274.37842688494646, 63
-272.93513958, -272.85614600661125, 63
-275.33503011, -275.2945356401223, 63
-274.8857083, -274.91667702632697, 63
-274.25683178, -274.2927512786497, 63
-899.84264236, -899.8482511189602, 217
-904.81176585, -904.7086603780026, 217
-909.67248858, -909.6822108720874, 217
-902.04877352, -902.147898374611, 217
-895.27560379, -894.9978644979262, 217
-910.01896059, -910.2023103058099, 217
-910.0042534, -910.0909960830672, 217
-897.28272299, -897.4977917883357, 217
-907.72113446, -907.7327701998773, 217
-899.30028397, -899.3757612965995, 217
-896.37561668, -896.2834032054068, 217
-894.18404445, -894.0975718350687, 217
-898.28935069, -898.5195330227018, 217
-901.51270001, -901.6569780112569, 217
-897.48360806, -897.4914103206751, 217
-903.09818907, -903.516895299828, 217
-896.74712555, -896.7494662411078, 217
-903.33279461, -903.3278256538207, 217
-903.96407388, -904.370600868841, 217
-897.43096023, -897.7300738325325, 217
-275.546548, -275.51758800685514, 64
-273.96434213, -273.8790440312086, 64
-276.34220759, -276.3373865227491, 64
-275.08289997, -274.8677038625388, 64
-274.16520091, -274.1683551817909, 64
-277.32998049, -277.3533102434354, 64
-259.78225042, -259.71527376308745, 64
-257.97180853, -258.25128537358023, 64
-260.5675467, -260.3436469287425, 64
-258.92888256, -258.9604566126773, 64
-259.52188687, -259.4757442835209, 64
-260.00093792, -259.8123553056558, 64
-258.30771865, -258.5744373348564, 64
-258.63591022, -258.814200696971, 64
-259.12812801, -258.812546144562, 64
-258.62113297, -258.6609440383435, 64
-259.17539361, -259.02988464814945, 64
-257.39828202, -257.2663422216871, 64
-252.25886637, -252.28124883562995, 64
-256.11050833, -256.0463884327067, 64
-257.44078928, -257.94994925792406, 64
-254.46101898, -254.16395478316144, 64
-255.06199297, -255.31879928377992, 64
-255.16861675, -255.17663116890975, 64
-52.4054095, -52.37354299781593, 12
-51.86585739, -51.858770415930266, 12
-51.86585739, -51.858770415930266, 12
-52.4054095, -52.37354299781593, 12
-52.4054095, -52.37354299781593, 12
-51.86585739, -51.858770415930266, 12
-51.86585739, -51.858770415930266, 12
-52.4054095, -52.37354299781593, 12
-52.4054095, -52.37354299781593, 12
-51.86585739, -51.858770415930266, 12
-51.86585739, -51.858770415930266, 12
-52.4054095, -52.37354299781593, 12
-52.4054095, -52.37354299781593, 12
-51.86585739, -51.858770415930266, 12
-51.86585739, -51.858770415930266, 12
-52.4054095, -52.37354299781593, 12
-52.4054095, -52.37354299781593, 12
-51.86585739, -51.858770415930266, 12
-51.86585739, -51.858770415930266, 12
-52.4054095, -52.37354299781593, 12
-4.09401418, -4.096693939771283, 1
-4.17329888, -4.179772470418163, 1
-3.8141701, -3.828362416860685, 1
-4.16433755, -4.169883911068922, 1
-4.16029376, -4.170458994308422, 1
-4.01773549, -4.020006588503621, 1
-4.17287564, -4.180337480733068, 1
-4.18667233, -4.191694660203872, 1
-4.15672561, -4.165552271608389, 1
-4.17411537, -4.182032624179362, 1
-4.1193692, -4.128987214036532, 1
-4.04044631, -4.040968703754454, 1
-4.12395703, -4.126794346660134, 1
-4.13806378, -4.1408236533720615, 1
-4.10236241, -4.106082495846908, 1
-3.87265623, -3.8887767805525777, 1
-4.14987397, -4.15536188935965, 1
-4.16625051, -4.169762806317371, 1
-4.14878351, -4.153494052023547, 1
-4.13730029, -4.141191264440938, 1
-4.17611619, -4.183157734058655, 1
-4.17395411, -4.1782343489966856, 1
-4.18042945, -4.17390254947987, 1
-4.17446208, -4.1666714932605435, 1
-4.18078482, -4.1710755216476505, 1
-4.16179117, -4.15506120599073, 1
-4.16166375, -4.159632493432426, 1
-4.16885845, -4.161333641191138, 1
-4.1600996, -4.152936857053377, 1
-4.17603524, -4.169668862176721, 1
-4.13989015, -4.134314915477431, 1
-4.10859095, -4.102979558799135, 1
-4.16486347, -4.159081829660732, 1
-4.17914613, -4.17232942390266, 1
-4.15837677, -4.154484101665624, 1
-4.0828318, -4.067931636645918, 1
-4.15892695, -4.1530029271233655, 1
-4.1628018, -4.156434655159728, 1
-4.17783806, -4.17052388085508, 1
-4.18020528, -4.171593254446321, 1
-4.15716753, -4.151800740942511, 1
-4.14984513, -4.143166467149564, 1
-4.15810835, -4.150982307407844, 1
-4.14391246, -4.140839218814946, 1
-4.15428137, -4.148656367904008, 1
-4.16838354, -4.160802505023227, 1
-4.17631048, -4.168881499945389, 1
-4.170617, -4.165194404430363, 1
-4.17552854, -4.169639201672421, 1
-4.12610355, -4.115604787902548, 1
-4.15435253, -4.146406284542277, 1
-4.16114638, -4.153253111132771, 1
-4.17890389, -4.1732164539172345, 1
-4.03881841, -4.037505198841739, 1
-4.13847905, -4.12760104398124, 1
-4.1808063, -4.172916283507069, 1
-4.10868672, -4.100218535355553, 1
-4.05634835, -4.051049396749065, 1
-4.16684301, -4.159509171680069, 1
-4.16014656, -4.152352466413693, 1
-4.17602603, -4.167430703251102, 1
-4.15220018, -4.148237244213501, 1
-34.27450353, -34.39002555361336, 8
-34.1558994, -34.218493810512186, 8
-34.27901206, -34.32250972767728, 8
-34.6587843, -34.64280837228842, 8
-34.07166237, -34.14901093457011, 8
-33.6741525, -33.84087158670994, 8
-34.05725689, -34.136972206280234, 8
-34.70274131, -34.71631318206456, 8
-34.47892014, -34.54924001885919, 8
-34.41107733, -34.43054729984392, 8
-33.60853802, -33.78559190615309, 8
-34.91841157, -34.880741914271916, 8
-33.72452785, -33.8638589608094, 8
-34.5295371, -34.551281496897225, 8
-34.33518702, -34.41125306329521, 8
-34.69387169, -34.682698925956636, 8
-34.58854191, -34.59800737055705, 8
-33.84742911, -33.937408092889946, 8
-34.6973751, -34.70488483217714, 8
-34.51058854, -34.54930088121249, 8
-34.55424888, -34.55502245124385, 8
-34.59520655, -34.64760829661738, 8
-34.71265612, -34.72353163106268, 8
-34.11189133, -34.188566527772885, 8
-34.50841366, -34.56708472077359, 8
-34.45106659, -34.46548533670145, 8
-34.54867031, -34.55293049616863, 8
-34.40764293, -34.48045144410082, 8
-34.73904268, -34.75683896319901, 8
-34.168796, -34.23159526148441, 8
-34.12818724, -34.2097760345023, 8
-34.71084683, -34.69706132438628, 8
-34.56948292, -34.584550088310216, 8
-34.34881716, -34.424143604743584, 8
-34.4304465, -34.48144099603305, 8
-34.60267561, -34.61655717600012, 8
-34.26486967, -34.354323359293765, 8
-34.55792584, -34.56991068034828, 8
-34.63268811, -34.68036199267836, 8
-33.33151501, -33.608868018142076, 8
-8.27915622, -8.284946817842863, 2
-8.07541551, -8.077587779251873, 2
-8.29141222, -8.30093500018517, 2
-8.25339069, -8.235722044739125, 2
-8.05936779, -8.051631052875571, 2
-8.09988914, -8.135842125286992, 2
-8.35294543, -8.349448176937411, 2
-7.79282955, -7.789224896220967, 2
-8.21760462, -8.203234495679379, 2
-8.314013, -8.32370774568161, 2
-8.08896857, -8.091087137808884, 2
-8.30613871, -8.309121369472706, 2
-8.170087, -8.177247528393844, 2
-8.20450922, -8.194307671161052, 2
-7.48096488, -7.4937410468998165, 2
-8.22914804, -8.237293176605398, 2
-8.27950348, -8.276576288882548, 2
-8.27856789, -8.286701755902424, 2
-8.27097737, -8.275102293458602, 2
-8.25255485, -8.249178481172384, 2
-17.97324328, -18.0046695467461, 4
-17.06515219, -17.110322624662032, 4
-17.32786661, -17.366313011530075, 4
-17.45198197, -17.472076471036594, 4
-17.60988495, -17.64253936551846, 4
-16.44697543, -16.45813193089424, 4
-17.82620387, -17.857508408860905, 4
-17.41894516, -17.454960546812366, 4
-17.30966073, -17.32697138884396, 4
-16.6045882, -16.615910291041693, 4
-18.00186775, -18.0342298050734, 4
-17.99846986, -18.030883539381144, 4
-15.81360722, -15.824908672123618, 4
-17.56042577, -17.593608017668387, 4
-17.13821353, -17.181638531494375, 4
-17.85229068, -17.88328691128219, 4
-18.00059521, -18.03294178373139, 4
-17.47985389, -17.514437533382434, 4
-17.31966607, -17.358333027529245, 4
-17.17354343, -17.216040224775618, 4
-49.8976903, -49.86225676443645, 12
-49.71161694, -49.71339178285254, 12
-51.38294337, -51.38040379262522, 12
-48.78455787, -48.78704464287911, 12
-50.63646821, -50.61203840896717, 12
-52.49028161, -52.46619427533985, 12
-51.84964944, -51.84278604257443, 12
-49.70829178, -49.71007195941347, 12
-52.04584968, -52.03596055224524, 12
-52.45941581, -52.43713736658099, 12
-51.4013231, -51.3986784318665, 12
-52.41218143, -52.3803804007014, 12
-46.18333939, -46.19771174508524, 12
-51.21527002, -51.191755173855526, 12
-47.47716067, -47.483084073912345, 12
-51.4693953, -51.444048619166516, 12
-47.9629655, -47.9670167406491, 12
-51.47904696, -51.45361603146162, 12
-52.201235, -52.169106606448224, 12
-49.4677595, -49.420891882538555, 12
-8.43766224, -8.439130026034178, 2
-8.49653557, -8.497452286085775, 2
-8.11808978, -8.117023422424124, 2
-7.64998364, -7.655575504485245, 2
-8.48694243, -8.487983259864919, 2
-8.51749118, -8.519105992941654, 2
-8.43551712, -8.436996015588221, 2
-8.56839153, -8.56689539707564, 2
-8.55288955, -8.55155619993208, 2
-7.75141874, -7.756721212019118, 2
-8.56003874, -8.558615338055056, 2
-8.5687779, -8.567280207857657, 2
-8.57657511, -8.575338796587843, 2
-8.29356297, -8.295663223143062, 2
-8.54842451, -8.549423672460987, 2
-8.45360638, -8.454879276818723, 2
-8.57518659, -8.57374030066957, 2
-8.29706283, -8.29740264654352, 2
-8.44917201, -8.45043075092552, 2
-8.44443331, -8.445678186561427, 2
-8.55789168, -8.563058371445486, 2
-8.66025225, -8.659273964966882, 2
-8.8353366, -8.84503066980033, 2
-8.81591936, -8.82228601991659, 2
-8.26594647, -8.279444706224176, 2
-8.64780409, -8.650980661818888, 2
-8.51294142, -8.51136035172132, 2
-9.03429864, -9.034234890044614, 2
-9.03617877, -9.035931446399045, 2
-8.76715623, -8.768015565646927, 2
-8.15926286, -8.157711958030825, 2
-7.35861561, -7.353417831696764, 2
-8.82562091, -8.821172074442064, 2
-8.8925428, -8.88960625172413, 2
-8.9702642, -8.966584697248207, 2
-8.55057621, -8.550272530145659, 2
-8.95183455, -8.954734959019998, 2
-8.89610419, -8.897250085211486, 2
-8.39740138, -8.394051963265929, 2
-9.0337424, -9.033537074786143, 2
-8.97860108, -8.979292055244125, 2
-8.98582749, -8.984706349773495, 2
-8.64101886, -8.640597073967342, 2
-9.03344138, -9.033318387912301, 2
-8.90813216, -8.909017405332053, 2
-8.97665756, -8.975491226223205, 2
-8.94273571, -8.94315635238365, 2
-9.03448097, -9.03429834298899, 2
-7.66979255, -7.67142377993959, 2
-7.27806144, -7.28018435413559, 2
-8.92040307, -8.919620859669642, 2
-8.98800522, -8.986377595755242, 2
-8.74814872, -8.741630511190525, 2
-9.0326819, -9.032471453215258, 2
-8.84430951, -8.844603694872259, 2
-8.39226654, -8.391947056873116, 2
-9.03492759, -9.034742757646217, 2
-7.41409501, -7.416408921995676, 2
-9.00833666, -9.008277335218178, 2
-8.86281733, -8.868742356582699, 2
-9.03616092, -9.035922778110306, 2
-8.97541275, -8.978108312612141, 2
-8.95293072, -8.954043428728173, 2
-9.03347948, -9.033304202556097, 2
-9.03204344, -9.031879798157979, 2
-8.53950188, -8.536657911192393, 2
-8.97588108, -8.975176899167174, 2
-26.92697195, -26.923581896709955, 6
-26.68701464, -26.68438143629595, 6
-26.95959441, -26.95892375177618, 6
-26.75756745, -26.753555111166126, 6
-26.95200294, -26.948515942693863, 6
-26.93196904, -26.937131642691902, 6
-26.90724864, -26.906712217569726, 6
-26.90915494, -26.908502747310642, 6
-26.81849694, -26.81399394317273, 6
-26.95243328, -26.946166138334362, 6
-26.86449311, -26.861663001593072, 6
-26.69370618, -26.694458517679205, 6
-9.02200583, -9.021564227511009, 2
-26.9079766, -26.90302853382272, 6
-26.988544, -26.98177744075904, 6
-27.02557995, -27.02556189723561, 6
-26.9625709, -26.954421420944783, 6
-26.97748849, -26.97546406172369, 6
-26.70919735, -26.70973202147274, 6
-26.7217103, -26.719167655441545, 6
-26.8820402, -26.87633530057517, 6
-26.73454464, -26.73327776928851, 6
-26.80989983, -26.806265409796026, 6
-26.91051757, -26.9077939460118, 6
-26.97454211, -26.97006359242839, 6
-26.63409708, -26.637264540735675, 6
-26.71003353, -26.70910795557506, 6
-26.90451867, -26.89818379035274, 6
-26.7758741, -26.77675185174811, 6
-26.86575242, -26.859675230363607, 6
-26.96079602, -26.960207111608185, 6
-26.83206027, -26.843543961782675, 6
-26.99049969, -26.985920178858446, 6
-8.96946596, -8.969428649771478, 2
-26.88985757, -26.88303710402941, 6
-26.6245835, -26.617064398385057, 6
-27.03404036, -27.031665991137494, 6
-26.98199562, -26.977209975876313, 6
-26.60241753, -26.60191274294556, 6
-26.98992922, -26.981345439355522, 6
-26.87337753, -26.863102139872126, 6
-26.74835437, -26.749348321635647, 6
-26.87207085, -26.865833340634858, 6
-26.92548889, -26.924467689127994, 6
-26.73856258, -26.73894706495861, 6
-26.79849271, -26.801267144222646, 6
-26.98176961, -26.981530225415362, 6
-26.76669712, -26.75802263990789, 6
-26.96678125, -26.96516801281232, 6
-27.00704972, -27.002375403181, 6
-899.34988361, -899.388884496455, 217
-906.18891697, -906.1846964049927, 217
-903.93831162, -904.0335551446154, 217
-911.2769048, -911.2499698455925, 217
-898.1191639, -898.1360733746916, 217
-917.26149593, -917.2175831273915, 217
-905.95085496, -905.9737404143866, 217
-902.14747396, -902.066496729234, 217
-901.98187182, -902.0034802849997, 217
-908.38989607, -908.3844020647329, 217
-902.97507448, -902.9814044509443, 217
-904.07295766, -904.0254474967583, 217
-895.29219205, -895.3048197730085, 217
-908.36221361, -908.350344805757, 217
-912.95400861, -912.9371012181292, 217
-905.77802717, -905.787942508129, 217
-908.44243357, -908.4643648057737, 217
-901.96871099, -901.9923862264153, 217
-896.7516926, -896.8019182733971, 217
-903.52377665, -903.4513226328365, 217
-895.67728488, -895.7425999120646, 217
-274.79552969, -274.81856826289106, 63
-273.36271612, -273.43399594385824, 63
-273.07206952, -273.0206512548334, 63
-273.93583341, -273.887324491234, 63
-272.13140827, -272.1773537890156, 63
-270.45303299, -270.42305860921095, 63
-274.23404379, -274.2002099120673, 63
-275.04962207, -275.05504072532756, 63
-273.76165159, -273.790247934788, 63
-274.86976598, -274.92121054823485, 63
-274.75590837, -274.72038293365216, 63
-274.48823722, -274.51980232518656, 63
-270.81126265, -270.8444756445479, 63
-273.3342349, -273.34678352565624, 63
-273.93337086, -273.9278727621648, 63
-273.91672208, -273.94565798208293, 63
-272.36259294, -272.3900268420758, 63
-273.98016739, -273.9880339532094, 63
-273.22883193, -273.2658438531454, 63
-275.40247808, -275.40126305703905, 63
-274.49580171, -274.55103519300735, 63
-272.47500099, -272.40996043207286, 63
-275.49941461, -275.48435904966004, 63
-274.45930467, -274.53898714515947, 63
-274.81913749, -274.78711266222507, 63
-272.04910721, -272.01872860066106, 63
-272.8082227, -272.7956297819011, 63
-271.63729053, -271.68015246194153, 63
-272.61803668, -272.5857617663539, 63
-274.82890931, -274.9167047503869, 63
-274.40667559, -274.3619277935931, 63
-275.292221, -275.3578447085924, 63
-270.76599916, -270.7606428493983, 63
-272.70889955, -272.7244394220039, 63
-271.45594265, -271.3776620044223, 63
-273.3440649, -273.384984403137, 63
-272.69058323, -272.76162969145474, 63
-274.95701369, -274.931481410116, 63
-272.59131553, -272.5851987869369, 63
-275.06579793, -275.0438828942507, 63
-272.99645056, -272.9441394796954, 63
-270.49070218, -270.5290120643189, 63
-273.65786625, -273.66326863657724, 63
-272.82843565, -272.83411105757364, 63
-270.43640303, -270.38223075349237, 63
-273.61702763, -273.60258102996977, 63
-273.75698789, -273.73619159085035, 63
-274.36487138, -274.35880233293454, 63
-274.09469944, -274.2112446478474, 63
-272.33411183, -272.3541500193919, 63
-273.42375144, -273.42842376144546, 63
-273.17266386, -273.12846148007145, 63
-274.73454918, -274.78265619262663, 63
-272.29432187, -272.212475020429, 63
-274.11881023, -274.1437780650099, 63
-274.56028447, -274.61007951505405, 63
-272.93734016, -272.89153093910556, 63
-272.98336498, -272.9683829829414, 63
-274.15508886, -274.1004384919766, 63
-274.4603849, -274.4968654433458, 63
-273.81772711, -273.7827323448029, 63
-273.65567861, -273.737705720892, 63
-270.68163244, -270.5963559991079, 63
-273.75702839, -273.7653123656412, 63
-272.03965535, -272.02794234841264, 63
-273.2484025, -273.14332397683256, 63
-273.78580757, -273.77527074570907, 63
-273.03610265, -272.9637884572066, 63
-273.44295098, -273.4890833828644, 63
-273.07466997, -273.11782913185806, 63
-273.73444836, -273.73496773407743, 63
-274.40471687, -274.37842688494646, 63
-272.93513958, -272.85614600661125, 63
-275.33503011, -275.2945356401223, 63
-274.8857083, -274.91667702632697, 63
-274.25683178, -274.2927512786497, 63
-899.84264236, -899.8482511189602, 217
-904.81176585, -904.7086603780026, 217
-909.67248858, -909.6822108720874, 217
-902.04877352, -902.147898374611, 217
-895.27560379, -894.9978644979262, 217
-910.01896059, -910.2023103058098, 217
-910.0042534, -910.0909960830672, 217
-897.28272299, -897.4977917883357, 217
-907.72113446, -907.7327701998773, 217
-899.30028397, -899.3757612965994, 217
-896.37561668, -896.2834032054068, 217
-894.18404445, -894.097571835069, 217
-898.28935069, -898.5195330227017, 217
-901.51270001, -901.6569780112568, 217
-897.48360806, -897.4914103206751, 217
-903.09818907, -903.516895299828, 217
-896.74712555, -896.7494662411078, 217
-903.33279461, -903.3278256538207, 217
-903.96407388, -904.3706008688409, 217
-897.43096023, -897.7300738325325, 217
-275.546548, -275.5175880068551, 64
-273.96434213, -273.8790440312086, 64
-276.34220759, -276.3373865227491, 64
-275.08289997, -274.8677038625388, 64
-274.16520091, -274.1683551817909, 64
-277.32998049, -277.3533102434354, 64
-259.78225042, -259.71527376308757, 64
-257.97180853, -258.25128537358023, 64
-260.5675467, -260.3436469287425, 64
-258.92888256, -258.9604566126773, 64
-259.52188687, -259.4757442835209, 64
-260.00093792, -259.8123553056558, 64
-258.30771865, -258.5744373348564, 64
-258.63591022, -258.814200696971, 64
-259.12812801, -258.812546144562, 64
-258.62113297, -258.6609440383435, 64
-259.17539361, -259.02988464814945, 64
-257.39828202, -257.2663422216871, 64
-252.25886637, -252.28124883562995, 64
-256.11050833, -256.0463884327067, 64
-257.44078928, -257.94994925792406, 64
-254.46101898, -254.16395478316144, 64
-255.06199297, -255.31879928377992, 64
-255.16861675, -255.17663116890975, 64
-4.09401418, -4.096693939771283, 1
-4.17329888, -4.179772470418163, 1
-3.8141701, -3.8283624168606853, 1
-4.16433755, -4.169883911068923, 1
-4.16029376, -4.170458994308422, 1
-4.01773549, -4.020006588503621, 1
-4.17287564, -4.180337480733069, 1
-4.18667233, -4.191694660203872, 1
-4.15672561, -4.165552271608389, 1
-4.17411537, -4.182032624179362, 1
-4.1193692, -4.128987214036533, 1
-4.04044631, -4.040968703754454, 1
-4.12395703, -4.126794346660134, 1
-4.13806378, -4.1408236533720615, 1
-4.10236241, -4.106082495846908, 1
-3.87265623, -3.888776780552578, 1
-4.14987397, -4.15536188935965, 1
-4.16625051, -4.169762806317371, 1
-4.14878351, -4.1534940520235475, 1
-4.13730029, -4.141191264440938, 1
-4.17611619, -4.183157734058654, 1
-4.17395411, -4.178234348996685, 1
-4.18042945, -4.17390254947987, 1
-4.17446208, -4.166671493260544, 1
-4.18078482, -4.1710755216476505, 1
-4.16179117, -4.15506120599073, 1
-4.16166375, -4.159632493432426, 1
-4.16885845, -4.1613336411911375, 1
-4.1600996, -4.152936857053377, 1
-4.17603524, -4.169668862176721, 1
-4.13989015, -4.134314915477431, 1
-4.10859095, -4.1029795587991345, 1
-4.16486347, -4.159081829660733, 1
-4.17914613, -4.17232942390266, 1
-4.15837677, -4.154484101665625, 1
-4.0828318, -4.067931636645918, 1
-4.15892695, -4.1530029271233655, 1
-4.1628018, -4.156434655159728, 1
-4.17783806, -4.17052388085508, 1
-4.18020528, -4.171593254446321, 1
-4.15716753, -4.151800740942511, 1
-4.14984513, -4.143166467149564, 1
-4.15810835, -4.150982307407844, 1
-4.14391246, -4.140839218814947, 1
-4.15428137, -4.1486563679040085, 1
-4.16838354, -4.160802505023227, 1
-4.17631048, -4.168881499945388, 1
-4.170617, -4.165194404430363, 1
-4.17552854, -4.169639201672421, 1
-4.12610355, -4.115604787902548, 1
-4.15435253, -4.146406284542277, 1
-4.16114638, -4.153253111132771, 1
-4.17890389, -4.1732164539172345, 1
-4.03881841, -4.03750519884174, 1
-4.13847905, -4.12760104398124, 1
-4.1808063, -4.172916283507069, 1
-4.10868672, -4.100218535355552, 1
-4.05634835, -4.051049396749065, 1
-4.16684301, -4.159509171680069, 1
-4.16014656, -4.152352466413694, 1
-4.17602603, -4.167430703251103, 1
-4.15220018, -4.1482372442135, 1
-34.27450353, -34.39002555361336, 8
-34.1558994, -34.218493810512186, 8
-34.27901206, -34.32250972767728, 8
-34.6587843, -34.64280837228842, 8
-34.07166237, -34.14901093457011, 8
-33.6741525, -33.84087158670994, 8
-34.05725689, -34.136972206280234, 8
-34.70274131, -34.71631318206456, 8
-34.47892014, -34.54924001885919, 8
-34.41107733, -34.43054729984392, 8
-33.60853802, -33.78559190615309, 8
-34.91841157, -34.880741914271916, 8
-33.72452785, -33.8638589608094, 8
-34.5295371, -34.551281496897225, 8
-34.33518702, -34.41125306329521, 8
-34.69387169, -34.682698925956636, 8
-34.58854191, -34.59800737055705, 8
-33.84742911, -33.937408092889946, 8
-34.6973751, -34.70488483217714, 8
-34.51058854, -34.54930088121249, 8
-34.55424888, -34.55502245124385, 8
-34.59520655, -34.64760829661738, 8
-34.71265612, -34.72353163106268, 8
-34.11189133, -34.188566527772885, 8
-34.50841366, -34.56708472077359, 8
-34.45106659, -34.46548533670145, 8
-34.54867031, -34.55293049616863, 8
-34.40764293, -34.48045144410082, 8
-34.73904268, -34.75683896319901, 8
-34.168796, -34.23159526148441, 8
-34.12818724, -34.2097760345023, 8
-34.71084683, -34.69706132438628, 8
-34.56948292, -34.584550088310216, 8
-34.34881716, -34.424143604743584, 8
-34.4304465, -34.48144099603305, 8
-34.60267561, -34.61655717600012, 8
-34.26486967, -34.354323359293765, 8
-34.55792584, -34.56991068034828, 8
-34.63268811, -34.68036199267836, 8
-33.33151501, -33.608868018142076, 8
-8.27915622, -8.284946817842862, 2
-8.07541551, -8.077587779251873, 2
-8.29141222, -8.30093500018517, 2
-8.25339069, -8.235722044739127, 2
-8.05936779, -8.051631052875571, 2
-8.09988914, -8.135842125286992, 2
-8.35294543, -8.349448176937411, 2
-7.79282955, -7.789224896220968, 2
-8.21760462, -8.203234495679379, 2
-8.314013, -8.32370774568161, 2
-8.08896857, -8.09108713780888, 2
-8.30613871, -8.309121369472706, 2
-8.170087, -8.177247528393845, 2
-8.20450922, -8.194307671161052, 2
-7.48096488, -7.493741046899817, 2
-8.22914804, -8.237293176605402, 2
-8.27950348, -8.276576288882548, 2
-8.27856789, -8.286701755902424, 2
-8.27097737, -8.275102293458602, 2
-8.25255485, -8.249178481172384, 2
-17.97324328, -18.0046695467461, 4
-17.06515219, -17.110322624662032, 4
-17.32786661, -17.366313011530075, 4
-17.45198197, -17.472076471036594, 4
-17.60988495, -17.64253936551846, 4
-16.44697543, -16.45813193089424, 4
-17.82620387, -17.857508408860905, 4
-17.41894516, -17.454960546812366, 4
-17.30966073, -17.32697138884396, 4
-16.6045882, -16.615910291041693, 4
-18.00186775, -18.034229805073405, 4
-17.99846986, -18.030883539381144, 4
-15.81360722, -15.824908672123618, 4
-17.56042577, -17.593608017668387, 4
-17.13821353, -17.181638531494375, 4
-17.85229068, -17.88328691128219, 4
-18.00059521, -18.03294178373139, 4
-17.47985389, -17.514437533382434, 4
-17.31966607, -17.358333027529245, 4
-17.17354343, -17.216040224775618, 4
-49.8976903, -49.86225676443645, 12
-49.71161694, -49.71339178285254, 12
-51.38294337, -51.38040379262522, 12
-48.78455787, -48.78704464287911, 12
-50.63646821, -50.61203840896717, 12
-52.49028161, -52.46619427533985, 12
-51.84964944, -51.84278604257443, 12
-49.70829178, -49.71007195941347, 12
-52.04584968, -52.03596055224524, 12
-52.45941581, -52.43713736658099, 12
-51.4013231, -51.3986784318665, 12
-52.41218143, -52.3803804007014, 12
-46.18333939, -46.19771174508524, 12
-51.21527002, -51.191755173855526, 12
-47.47716067, -47.483084073912345, 12
-51.4693953, -51.444048619166516, 12
-47.9629655, -47.9670167406491, 12
-51.47904696, -51.45361603146162, 12
-52.201235, -52.169106606448224, 12
-49.4677595, -49.420891882538555, 12
-8.43766224, -8.439130026034178, 2
-8.49653557, -8.497452286085775, 2
-8.11808978, -8.117023422424122, 2
-7.64998364, -7.6555755044852445, 2
-8.48694243, -8.487983259864919, 2
-8.51749118, -8.519105992941654, 2
-8.43551712, -8.436996015588221, 2
-8.56839153, -8.56689539707564, 2
-8.55288955, -8.55155619993208, 2
-7.75141874, -7.756721212019118, 2
-8.56003874, -8.558615338055056, 2
-8.5687779, -8.567280207857657, 2
-8.57657511, -8.575338796587843, 2
-8.29356297, -8.295663223143062, 2
-8.54842451, -8.549423672460989, 2
-8.45360638, -8.454879276818723, 2
-8.57518659, -8.57374030066957, 2
-8.29706283, -8.29740264654352, 2
-8.44917201, -8.450430750925522, 2
-8.44443331, -8.445678186561427, 2
-8.55789168, -8.563058371445486, 2
-8.66025225, -8.659273964966882, 2
-8.8353366, -8.84503066980033, 2
-8.81591936, -8.822286019916588, 2
-8.26594647, -8.279444706224176, 2
-8.64780409, -8.650980661818888, 2
-8.51294142, -8.51136035172132, 2
-9.03429864, -9.034234890044614, 2
-9.03617877, -9.035931446399044, 2
-8.76715623, -8.768015565646927, 2
-8.15926286, -8.157711958030825, 2
-7.35861561, -7.353417831696764, 2
-8.82562091, -8.821172074442064, 2
-8.8925428, -8.88960625172413, 2
-8.9702642, -8.966584697248207, 2
-8.55057621, -8.550272530145659, 2
-8.95183455, -8.954734959019998, 2
-8.89610419, -8.897250085211486, 2
-8.39740138, -8.394051963265929, 2
-9.0337424, -9.033537074786144, 2
-8.97860108, -8.979292055244125, 2
-8.98582749, -8.984706349773495, 2
-8.64101886, -8.640597073967342, 2
-9.03344138, -9.033318387912303, 2
-8.90813216, -8.909017405332055, 2
-8.97665756, -8.975491226223207, 2
-8.94273571, -8.94315635238365, 2
-9.03448097, -9.03429834298899, 2
-7.66979255, -7.67142377993959, 2
-7.27806144, -7.28018435413559, 2
-8.92040307, -8.919620859669642, 2
-8.98800522, -8.986377595755242, 2
-8.74814872, -8.741630511190527, 2
-9.0326819, -9.032471453215258, 2
-8.84430951, -8.844603694872259, 2
-8.39226654, -8.391947056873116, 2
-9.03492759, -9.034742757646217, 2
-7.41409501, -7.416408921995676, 2
-9.00833666, -9.008277335218178, 2
-8.86281733, -8.868742356582699, 2
-9.03616092, -9.035922778110306, 2
-8.97541275, -8.97810831261214, 2
-8.95293072, -8.954043428728173, 2
-9.03347948, -9.0333042025561, 2
-9.03204344, -9.031879798157979, 2
-8.53950188, -8.536657911192393, 2
-8.97588108, -8.975176899167174, 2
-26.92697195, -26.923581896709955, 6
-26.68701464, -26.68438143629595, 6
-26.95959441, -26.958923751776176, 6
-26.75756745, -26.753555111166126, 6
-26.95200294, -26.948515942693863, 6
-26.93196904, -26.937131642691902, 6
-26.90724864, -26.906712217569726, 6
-26.90915494, -26.908502747310642, 6
-26.81849694, -26.81399394317273, 6
-26.95243328, -26.946166138334362, 6
-26.86449311, -26.861663001593072, 6
-26.69370618, -26.694458517679205, 6
-9.02200583, -9.021564227511009, 2
-26.9079766, -26.903028533822724, 6
-26.988544, -26.98177744075904, 6
-27.02557995, -27.02556189723561, 6
-26.9625709, -26.954421420944783, 6
-26.97748849, -26.97546406172369, 6
-26.70919735, -26.709732021472746, 6
-26.7217103, -26.719167655441545, 6
-26.8820402, -26.876335300575168, 6
-26.73454464, -26.73327776928851, 6
-26.80989983, -26.806265409796026, 6
-26.91051757, -26.907793946011793, 6
-26.97454211, -26.97006359242839, 6
-26.63409708, -26.637264540735675, 6
-26.71003353, -26.709107955575064, 6
-26.90451867, -26.89818379035274, 6
-26.7758741, -26.77675185174811, 6
-26.86575242, -26.85967523036361, 6
-26.96079602, -26.960207111608185, 6
-26.83206027, -26.843543961782675, 6
-26.99049969, -26.985920178858446, 6
-8.96946596, -8.969428649771478, 2
-26.88985757, -26.88303710402941, 6
-26.6245835, -26.617064398385057, 6
-27.03404036, -27.031665991137494, 6
-26.98199562, -26.977209975876317, 6
-26.60241753, -26.60191274294557, 6
-26.98992922, -26.981345439355522, 6
-26.87337753, -26.863102139872126, 6
-26.74835437, -26.749348321635647, 6
-26.87207085, -26.865833340634858, 6
-26.92548889, -26.924467689127994, 6
-26.73856258, -26.73894706495861, 6
-26.79849271, -26.801267144222642, 6
-26.98176961, -26.981530225415362, 6
-26.76669712, -26.75802263990789, 6
-26.96678125, -26.96516801281232, 6
-27.00704972, -27.002375403181, 6
-899.34988361, -899.388884496455, 217
-906.18891697, -906.1846964049925, 217
-903.93831162, -904.0335551446154, 217
-911.2769048, -911.2499698455925, 217
-898.1191639, -898.1360733746916, 217
-917.26149593, -917.2175831273915, 217
-905.95085496, -905.9737404143866, 217
-902.14747396, -902.066496729234, 217
-901.98187182, -902.0034802849997, 217
-908.38989607, -908.3844020647329, 217
-902.97507448, -902.9814044509443, 217
-904.07295766, -904.0254474967583, 217
-895.29219205, -895.3048197730085, 217
-908.36221361, -908.3503448057569, 217
-912.95400861, -912.9371012181292, 217
-905.77802717, -905.787942508129, 217
-908.44243357, -908.4643648057737, 217
-901.96871099, -901.9923862264153, 217
-896.7516926, -896.8019182733971, 217
-903.52377665, -903.4513226328365, 217
-895.67728488, -895.7425999120646, 217
-274.79552969, -274.81856826289106, 63
-273.36271612, -273.43399594385824, 63
-273.07206952, -273.0206512548334, 63
-273.93583341, -273.887324491234, 63
-272.13140827, -272.1773537890156, 63
-270.45303299, -270.42305860921095, 63
-274.23404379, -274.2002099120673, 63
-275.04962207, -275.05504072532756, 63
-273.76165159, -273.790247934788, 63
-274.86976598, -274.92121054823485, 63
-274.75590837, -274.72038293365216, 63
-274.48823722, -274.51980232518656, 63
-270.81126265, -270.8444756445479, 63
-273.3342349, -273.34678352565635, 63
-273.93337086, -273.9278727621648, 63
-273.91672208, -273.94565798208293, 63
-272.36259294, -272.3900268420758, 63
-273.98016739, -273.9880339532094, 63
-273.22883193, -273.2658438531454, 63
-275.40247808, -275.40126305703905, 63
-274.49580171, -274.55103519300735, 63
-272.47500099, -272.40996043207286, 63
-275.49941461, -275.48435904966004, 63
-274.45930467, -274.53898714515947, 63
-274.81913749, -274.78711266222507, 63
-272.04910721, -272.01872860066106, 63
-272.8082227, -272.7956297819011, 63
-271.63729053, -271.68015246194153, 63
-272.61803668, -272.5857617663539, 63
-274.82890931, -274.9167047503869, 63
-274.40667559, -274.3619277935931, 63
-275.292221, -275.3578447085924, 63
-270.76599916, -270.7606428493983, 63
-272.70889955, -272.7244394220039, 63
-271.45594265, -271.3776620044223, 63
-273.3440649, -273.384984403137, 63
-272.69058323, -272.76162969145474, 63
-274.95701369, -274.931481410116, 63
-272.59131553, -272.5851987869369, 63
-275.06579793, -275.0438828942507, 63
-272.99645056, -272.9441394796954, 63
-270.49070218, -270.5290120643189, 63
-273.65786625, -273.66326863657724, 63
-272.82843565, -272.83411105757364, 63
-270.43640303, -270.38223075349237, 63
-273.61702763, -273.60258102996977, 63
-273.75698789, -273.73619159085035, 63
-274.36487138, -274.35880233293454, 63
-274.09469944, -274.2112446478474, 63
-272.33411183, -272.3541500193919, 63
-273.42375144, -273.42842376144546, 63
-273.17266386, -273.12846148007145, 63
-274.73454918, -274.78265619262663, 63
-272.29432187, -272.212475020429, 63
-274.11881023, -274.1437780650099, 63
-274.56028447, -274.61007951505405, 63
-272.93734016, -272.89153093910556, 63
-272.98336498, -272.9683829829414, 63
-274.15508886, -274.10043849197666, 63
-274.4603849, -274.4968654433458, 63
-273.81772711, -273.7827323448029, 63
-273.65567861, -273.737705720892, 63
-270.68163244, -270.5963559991079, 63
-273.75702839, -273.7653123656412, 63
-272.03965535, -272.02794234841264, 63
-273.2484025, -273.14332397683256, 63
-273.78580757, -273.77527074570907, 63
-273.03610265, -272.9637884572066, 63
-273.44295098, -273.4890833828644, 63
-273.07466997, -273.11782913185806, 63
-273.73444836, -273.7349677340774, 63
-274.40471687, -274.37842688494646, 63
-272.93513958, -272.85614600661125, 63
-275.33503011, -275.2945356401223, 63
-274.8857083, -274.91667702632697, 63
-274.25683178, -274.2927512786497, 63
-899.84264236, -899.8482511189602, 217
-904.81176585, -904.7086603780026, 217
-909.67248858, -909.6822108720874, 217
-902.04877352, -902.147898374611, 217
-895.27560379, -894.9978644979262, 217
-910.01896059, -910.2023103058098, 217
-910.0042534, -910.0909960830674, 217
-897.28272299, -897.4977917883357, 217
-907.72113446, -907.7327701998773, 217
-899.30028397, -899.3757612965995, 217
-896.37561668, -896.2834032054068, 217
-894.18404445, -894.0975718350687, 217
-898.28935069, -898.5195330227016, 217
-901.51270001, -901.6569780112569, 217
-897.48360806, -897.4914103206751, 217
-903.09818907, -903.516895299828, 217
-896.74712555, -896.7494662411078, 217
-903.33279461, -903.3278256538207, 217
-903.96407388, -904.370600868841, 217
-897.43096023, -897.7300738325325, 217
-275.546548, -275.5175880068551, 64
-273.96434213, -273.8790440312086, 64
-276.34220759, -276.3373865227491, 64
-275.08289997, -274.8677038625388, 64
-274.16520091, -274.1683551817909, 64
-277.32998049, -277.3533102434354, 64
-259.78225042, -259.71527376308745, 64
-257.97180853, -258.25128537358023, 64
-260.5675467, -260.3436469287425, 64
-258.92888256, -258.9604566126773, 64
-259.52188687, -259.4757442835209, 64
-260.00093792, -259.8123553056558, 64
-258.30771865, -258.5744373348564, 64
-258.63591022, -258.814200696971, 64
-259.12812801, -258.812546144562, 64
-258.62113297, -258.6609440383435, 64
-259.17539361, -259.02988464814945, 64
-257.39828202, -257.2663422216871, 64
-252.25886637, -252.28124883562995, 64
-256.11050833, -256.0463884327067, 64
-257.44078928, -257.94994925792406, 64
-254.46101898, -254.16395478316144, 64
-255.06199297, -255.31879928377992, 64
-255.16861675, -255.17663116890975, 64
-4.09401418, -4.096693939771283, 1
-4.17329888, -4.179772470418163, 1
-3.8141701, -3.828362416860685, 1
-4.16433755, -4.169883911068922, 1
-4.16029376, -4.170458994308422, 1
-4.01773549, -4.020006588503621, 1
-4.17287564, -4.180337480733069, 1
-4.18667233, -4.191694660203872, 1
-4.15672561, -4.165552271608389, 1
-4.17411537, -4.182032624179362, 1
-4.1193692, -4.128987214036533, 1
-4.04044631, -4.040968703754454, 1
-4.12395703, -4.126794346660134, 1
-4.13806378, -4.1408236533720615, 1
-4.10236241, -4.106082495846908, 1
-3.87265623, -3.888776780552577, 1
-4.14987397, -4.15536188935965, 1
-4.16625051, -4.169762806317371, 1
-4.14878351, -4.1534940520235475, 1
-4.13730029, -4.141191264440938, 1
-4.17611619, -4.183157734058654, 1
-4.17395411, -4.1782343489966856, 1
-4.18042945, -4.17390254947987, 1
-4.17446208, -4.1666714932605435, 1
-4.18078482, -4.1710755216476505, 1
-4.16179117, -4.15506120599073, 1
-4.16166375, -4.159632493432426, 1
-4.16885845, -4.161333641191138, 1
-4.1600996, -4.152936857053376, 1
-4.17603524, -4.169668862176721, 1
-4.13989015, -4.134314915477431, 1
-4.10859095, -4.1029795587991345, 1
-4.16486347, -4.159081829660732, 1
-4.17914613, -4.17232942390266, 1
-4.15837677, -4.154484101665625, 1
-4.0828318, -4.067931636645918, 1
-4.15892695, -4.1530029271233655, 1
-4.1628018, -4.156434655159728, 1
-4.17783806, -4.170523880855079, 1
-4.18020528, -4.171593254446321, 1
-4.15716753, -4.151800740942511, 1
-4.14984513, -4.143166467149564, 1
-4.15810835, -4.150982307407844, 1
-4.14391246, -4.140839218814946, 1
-4.15428137, -4.1486563679040085, 1
-4.16838354, -4.160802505023227, 1
-4.17631048, -4.168881499945388, 1
-4.170617, -4.165194404430363, 1
-4.17552854, -4.169639201672421, 1
-4.12610355, -4.115604787902548, 1
-4.15435253, -4.146406284542277, 1
-4.16114638, -4.153253111132771, 1
-4.17890389, -4.1732164539172345, 1
-4.03881841, -4.037505198841739, 1
-4.13847905, -4.12760104398124, 1
-4.1808063, -4.172916283507069, 1
-4.10868672, -4.100218535355554, 1
-4.05634835, -4.051049396749064, 1
-4.16684301, -4.159509171680069, 1
-4.16014656, -4.152352466413693, 1
-4.17602603, -4.167430703251102, 1
-4.15220018, -4.1482372442135, 1
-34.27450353, -34.39002555361336, 8
-34.1558994, -34.218493810512186, 8
-34.27901206, -34.32250972767728, 8
-34.6587843, -34.64280837228842, 8
-34.07166237, -34.14901093457011, 8
-33.6741525, -33.84087158670994, 8
-34.05725689, -34.136972206280234, 8
-34.70274131, -34.71631318206456, 8
-34.47892014, -34.54924001885919, 8
-34.41107733, -34.43054729984392, 8
-33.60853802, -33.78559190615309, 8
-34.91841157, -34.880741914271916, 8
-33.72452785, -33.8638589608094, 8
-34.5295371, -34.551281496897225, 8
-34.33518702, -34.41125306329521, 8
-34.69387169, -34.682698925956636, 8
-34.58854191, -34.59800737055705, 8
-33.84742911, -33.937408092889946, 8
-34.6973751, -34.70488483217714, 8
-34.51058854, -34.54930088121249, 8
-34.55424888, -34.55502245124385, 8
-34.59520655, -34.64760829661738, 8
-34.71265612, -34.72353163106268, 8
-34.11189133, -34.188566527772885, 8
-34.50841366, -34.56708472077359, 8
-34.45106659, -34.46548533670145, 8
-34.54867031, -34.55293049616863, 8
-34.40764293, -34.48045144410082, 8
-34.73904268, -34.75683896319901, 8
-34.168796, -34.23159526148441, 8
-34.12818724, -34.2097760345023, 8
-34.71084683, -34.69706132438628, 8
-34.56948292, -34.584550088310216, 8
-34.34881716, -34.424143604743584, 8
-34.4304465, -34.48144099603305, 8
-34.60267561, -34.61655717600012, 8
-34.26486967, -34.354323359293765, 8
-34.55792584, -34.56991068034828, 8
-34.63268811, -34.68036199267836, 8
-33.33151501, -33.608868018142076, 8
-8.27915622, -8.284946817842863, 2
-8.07541551, -8.077587779251875, 2
-8.29141222, -8.30093500018517, 2
-8.25339069, -8.235722044739124, 2
-8.05936779, -8.051631052875571, 2
-8.09988914, -8.135842125286992, 2
-8.35294543, -8.349448176937411, 2
-7.79282955, -7.789224896220968, 2
-8.21760462, -8.203234495679379, 2
-8.314013, -8.32370774568161, 2
-8.08896857, -8.091087137808882, 2
-8.30613871, -8.309121369472706, 2
-8.170087, -8.177247528393844, 2
-8.20450922, -8.194307671161052, 2
-7.48096488, -7.493741046899817, 2
-8.22914804, -8.2372931766054, 2
-8.27950348, -8.276576288882548, 2
-8.27856789, -8.286701755902424, 2
-8.27097737, -8.275102293458602, 2
-8.25255485, -8.249178481172384, 2
-17.97324328, -18.0046695467461, 4
-17.06515219, -17.110322624662032, 4
-17.32786661, -17.366313011530075, 4
-17.45198197, -17.472076471036594, 4
-17.60988495, -17.64253936551846, 4
-16.44697543, -16.45813193089424, 4
-17.82620387, -17.85750840886091, 4
-17.41894516, -17.454960546812366, 4
-17.30966073, -17.32697138884396, 4
-16.6045882, -16.615910291041693, 4
-18.00186775, -18.034229805073405, 4
-17.99846986, -18.030883539381144, 4
-15.81360722, -15.824908672123618, 4
-17.56042577, -17.593608017668387, 4
-17.13821353, -17.181638531494375, 4
-17.85229068, -17.88328691128219, 4
-18.00059521, -18.03294178373139, 4
-17.47985389, -17.514437533382434, 4
-17.31966607, -17.358333027529245, 4
-17.17354343, -17.216040224775618, 4
-49.8976903, -49.86225676443645, 12
-49.71161694, -49.71339178285254, 12
-51.38294337, -51.38040379262522, 12
-48.78455787, -48.78704464287911, 12
-50.63646821, -50.61203840896717, 12
-52.49028161, -52.466194275339845, 12
-51.84964944, -51.84278604257443, 12
-49.70829178, -49.71007195941347, 12
-52.04584968, -52.03596055224524, 12
-52.45941581, -52.437137366580984, 12
-51.4013231, -51.3986784318665, 12
-52.41218143, -52.3803804007014, 12
-46.18333939, -46.19771174508524, 12
-51.21527002, -51.191755173855526, 12
-47.47716067, -47.483084073912345, 12
-51.4693953, -51.444048619166516, 12
-47.9629655, -47.9670167406491, 12
-51.47904696, -51.45361603146162, 12
-52.201235, -52.169106606448224, 12
-49.4677595, -49.420891882538555, 12
-8.43766224, -8.439130026034178, 2
-8.49653557, -8.497452286085775, 2
-8.11808978, -8.117023422424122, 2
-7.64998364, -7.655575504485245, 2
-8.48694243, -8.487983259864919, 2
-8.51749118, -8.519105992941654, 2
-8.43551712, -8.436996015588221, 2
-8.56839153, -8.56689539707564, 2
-8.55288955, -8.55155619993208, 2
-7.75141874, -7.756721212019118, 2
-8.56003874, -8.558615338055056, 2
-8.5687779, -8.567280207857657, 2
-8.57657511, -8.575338796587843, 2
-8.29356297, -8.295663223143062, 2
-8.54842451, -8.549423672460989, 2
-8.45360638, -8.454879276818723, 2
-8.57518659, -8.57374030066957, 2
-8.29706283, -8.29740264654352, 2
-8.44917201, -8.450430750925522, 2
-8.44443331, -8.445678186561427, 2
-8.55789168, -8.563058371445486, 2
-8.66025225, -8.659273964966882, 2
-8.8353366, -8.84503066980033, 2
-8.81591936, -8.822286019916588, 2
-8.26594647, -8.279444706224174, 2
-8.64780409, -8.650980661818888, 2
-8.51294142, -8.51136035172132, 2
-9.03429864, -9.034234890044614, 2
-9.03617877, -9.035931446399044, 2
-8.76715623, -8.768015565646927, 2
-8.15926286, -8.157711958030825, 2
-7.35861561, -7.353417831696764, 2
-8.82562091, -8.821172074442064, 2
-8.8925428, -8.88960625172413, 2
-8.9702642, -8.966584697248207, 2
-8.55057621, -8.550272530145659, 2
-8.95183455, -8.954734959019998, 2
-8.89610419, -8.897250085211486, 2
-8.39740138, -8.394051963265929, 2
-9.0337424, -9.033537074786144, 2
-8.97860108, -8.979292055244125, 2
-8.98582749, -8.984706349773495, 2
-8.64101886, -8.640597073967342, 2
-9.03344138, -9.033318387912303, 2
-8.90813216, -8.909017405332053, 2
-8.97665756, -8.975491226223207, 2
-8.94273571, -8.94315635238365, 2
-9.03448097, -9.03429834298899, 2
-7.66979255, -7.67142377993959, 2
-7.27806144, -7.28018435413559, 2
-8.92040307, -8.919620859669642, 2
-8.98800522, -8.986377595755242, 2
-8.74814872, -8.741630511190525, 2
-9.0326819, -9.032471453215258, 2
-8.84430951, -8.844603694872259, 2
-8.39226654, -8.391947056873116, 2
-9.03492759, -9.034742757646217, 2
-7.41409501, -7.416408921995676, 2
-9.00833666, -9.008277335218178, 2
-8.86281733, -8.868742356582699, 2
-9.03616092, -9.035922778110306, 2
-8.97541275, -8.978108312612141, 2
-8.95293072, -8.954043428728173, 2
-9.03347948, -9.0333042025561, 2
-9.03204344, -9.031879798157979, 2
-8.53950188, -8.536657911192393, 2
-8.97588108, -8.975176899167174, 2
-26.92697195, -26.923581896709955, 6
-26.68701464, -26.68438143629595, 6
-26.95959441, -26.95892375177618, 6
-26.75756745, -26.753555111166126, 6
-26.95200294, -26.948515942693863, 6
-26.93196904, -26.937131642691902, 6
-26.90724864, -26.906712217569726, 6
-26.90915494, -26.908502747310642, 6
-26.81849694, -26.81399394317273, 6
-26.95243328, -26.946166138334362, 6
-26.86449311, -26.861663001593072, 6
-26.69370618, -26.6944585176792, 6
-9.02200583, -9.021564227511009, 2
-26.9079766, -26.90302853382272, 6
-26.988544, -26.98177744075904, 6
-27.02557995, -27.02556189723561, 6
-26.9625709, -26.954421420944783, 6
-26.97748849, -26.97546406172369, 6
-26.70919735, -26.709732021472746, 6
-26.7217103, -26.719167655441545, 6
-26.8820402, -26.876335300575168, 6
-26.73454464, -26.73327776928851, 6
-26.80989983, -26.806265409796026, 6
-26.91051757, -26.907793946011793, 6
-26.97454211, -26.97006359242839, 6
-26.63409708, -26.637264540735675, 6
-26.71003353, -26.70910795557506, 6
-26.90451867, -26.89818379035274, 6
-26.7758741, -26.77675185174811, 6
-26.86575242, -26.859675230363607, 6
-26.96079602, -26.960207111608185, 6
-26.83206027, -26.843543961782675, 6
-26.99049969, -26.985920178858446, 6
-8.96946596, -8.969428649771478, 2
-26.88985757, -26.88303710402941, 6
-26.6245835, -26.617064398385057, 6
-27.03404036, -27.031665991137494, 6
-26.98199562, -26.977209975876313, 6
-26.60241753, -26.60191274294557, 6
-26.98992922, -26.981345439355522, 6
-26.87337753, -26.863102139872126, 6
-26.74835437, -26.749348321635644, 6
-26.87207085, -26.865833340634858, 6
-26.92548889, -26.924467689127994, 6
-26.73856258, -26.73894706495861, 6
-26.79849271, -26.801267144222642, 6
-26.98176961, -26.981530225415362, 6
-26.76669712, -26.75802263990789, 6
-26.96678125, -26.96516801281232, 6
-27.00704972, -27.002375403181, 6
-899.34988361, -899.388884496455, 217
-906.18891697, -906.1846964049927, 217
-903.93831162, -904.0335551446154, 217
-911.2769048, -911.2499698455925, 217
-898.1191639, -898.1360733746918, 217
-917.26149593, -917.2175831273915, 217
-905.95085496, -905.9737404143866, 217
-902.14747396, -902.066496729234, 217
-901.98187182, -902.0034802849997, 217
-908.38989607, -908.3844020647329, 217
-902.97507448, -902.9814044509443, 217
-904.07295766, -904.0254474967583, 217
-895.29219205, -895.3048197730085, 217
-908.36221361, -908.3503448057569, 217
-912.95400861, -912.9371012181292, 217
-905.77802717, -905.787942508129, 217
-908.44243357, -908.4643648057737, 217
-901.96871099, -901.9923862264153, 217
-896.7516926, -896.8019182733973, 217
-903.52377665, -903.4513226328365, 217
-895.67728488, -895.7425999120646, 217
-274.79552969, -274.81856826289106, 63
-273.36271612, -273.43399594385824, 63
-273.07206952, -273.0206512548334, 63
-273.93583341, -273.887324491234, 63
-272.13140827, -272.1773537890156, 63
-270.45303299, -270.42305860921095, 63
-274.23404379, -274.2002099120673, 63
-275.04962207, -275.05504072532756, 63
-273.76165159, -273.790247934788, 63
-274.86976598, -274.92121054823485, 63
-274.75590837, -274.72038293365216, 63
-274.48823722, -274.51980232518656, 63
-270.81126265, -270.8444756445479, 63
-273.3342349, -273.34678352565635, 63
-273.93337086, -273.9278727621648, 63
-273.91672208, -273.94565798208293, 63
-272.36259294, -272.3900268420758, 63
-273.98016739, -273.9880339532094, 63
-273.22883193, -273.2658438531454, 63
-275.40247808, -275.40126305703905, 63
-274.49580171, -274.55103519300735, 63
-272.47500099, -272.40996043207286, 63
-275.49941461, -275.48435904966004, 63
-274.45930467, -274.53898714515947, 63
-274.81913749, -274.78711266222507, 63
-272.04910721, -272.01872860066106, 63
-272.8082227, -272.7956297819011, 63
-271.63729053, -271.68015246194153, 63
-272.61803668, -272.5857617663539, 63
-274.82890931, -274.9167047503869, 63
-274.40667559, -274.3619277935931, 63
-275.292221, -275.35784470859244, 63
-270.76599916, -270.7606428493983, 63
-272.70889955, -272.7244394220039, 63
-271.45594265, -271.3776620044223, 63
-273.3440649, -273.384984403137, 63
-272.69058323, -272.76162969145474, 63
-274.95701369, -274.931481410116, 63
-272.59131553, -272.5851987869369, 63
-275.06579793, -275.0438828942507, 63
-272.99645056, -272.9441394796954, 63
-270.49070218, -270.5290120643189, 63
-273.65786625, -273.66326863657724, 63
-272.82843565, -272.83411105757364, 63
-270.43640303, -270.38223075349237, 63
-273.61702763, -273.60258102996977, 63
-273.75698789, -273.73619159085035, 63
-274.36487138, -274.35880233293454, 63
-274.09469944, -274.2112446478474, 63
-272.33411183, -272.3541500193919, 63
-273.42375144, -273.42842376144546, 63
-273.17266386, -273.12846148007145, 63
-274.73454918, -274.78265619262663, 63
-272.29432187, -272.212475020429, 63
-274.11881023, -274.1437780650099, 63
-274.56028447, -274.61007951505405, 63
-272.93734016, -272.89153093910556, 63
-272.98336498, -272.9683829829414, 63
-274.15508886, -274.1004384919766, 63
-274.4603849, -274.4968654433458, 63
-273.81772711, -273.7827323448029, 63
-273.65567861, -273.737705720892, 63
-270.68163244, -270.5963559991079, 63
-273.75702839, -273.7653123656412, 63
-272.03965535, -272.02794234841264, 63
-273.2484025, -273.14332397683256, 63
-273.78580757, -273.77527074570907, 63
-273.03610265, -272.9637884572066, 63
-273.44295098, -273.4890833828644, 63
-273.07466997, -273.11782913185806, 63
-273.73444836, -273.7349677340774, 63
-274.40471687, -274.37842688494646, 63
-272.93513958, -272.85614600661125, 63
-275.33503011, -275.2945356401223, 63
-274.8857083, -274.91667702632697, 63
-274.25683178, -274.2927512786497, 63
-899.84264236, -899.8482511189602, 217
-904.81176585, -904.7086603780026, 217
-909.67248858, -909.6822108720874, 217
-902.04877352, -902.147898374611, 217
-895.27560379, -894.9978644979262, 217
-910.01896059, -910.2023103058098, 217
-910.0042534, -910.0909960830672, 217
-897.28272299, -897.4977917883357, 217
-907.72113446, -907.7327701998773, 217
-899.30028397, -899.3757612965995, 217
-896.37561668, -896.2834032054068, 217
-894.18404445, -894.0975718350687, 217
-898.28935069, -898.5195330227018, 217
-901.51270001, -901.6569780112568, 217
-897.48360806, -897.4914103206751, 217
-903.09818907, -903.5168952998281, 217
-896.74712555, -896.7494662411078, 217
-903.33279461, -903.3278256538207, 217
-903.96407388, -904.370600868841, 217
-897.43096023, -897.7300738325325, 217
-275.546548, -275.5175880068551, 64
-273.96434213, -273.8790440312086, 64
-276.34220759, -276.3373865227491, 64
-275.08289997, -274.8677038625388, 64
-274.16520091, -274.1683551817909, 64
-277.32998049, -277.3533102434354, 64
-259.78225042, -259.7152737630875, 64
-257.97180853, -258.25128537358023, 64
-260.5675467, -260.34364692874254, 64
-258.92888256, -258.9604566126774, 64
-259.52188687, -259.4757442835209, 64
-260.00093792, -259.8123553056558, 64
-258.30771865, -258.5744373348563, 64
-258.63591022, -258.814200696971, 64
-259.12812801, -258.812546144562, 64
-258.62113297, -258.6609440383435, 64
-259.17539361, -259.02988464814945, 64
-257.39828202, -257.2663422216871, 64
-252.25886637, -252.28124883562995, 64
-256.11050833, -256.0463884327067, 64
-257.44078928, -257.94994925792406, 64
-254.46101898, -254.16395478316144, 64
-255.06199297, -255.31879928377992, 64
-255.16861675, -255.17663116890975, 64
