-274.79552969, -274.81856826289106, 63
-273.36271612, -273.43399594385824, 63
-273.07206952, -273.0206512548334, 63
-273.93583341, -273.887324491234, 63
-272.13140827, -272.1773537890156, 63
-270.45303299, -270.42305860921095, 63
-274.23404379, -274.2002099120673, 63
-275.04962207, -275.05504072532756, 63
-273.76165159, -273.790247934788, 63
-274.86976598, -274.92121054823485, 63
-274.75590837, -274.72038293365216, 63
-274.48823722, -274.51980232518656, 63
-270.81126265, -270.8444756445479, 63
-273.3342349, -273.34678352565624, 63
-273.93337086, -273.9278727621648, 63
-273.91672208, -273.94565798208293, 63
-272.36259294, -272.3900268420758, 63
-273.98016739, -273.9880339532094, 63
-273.22883193, -273.2658438531454, 63
-275.40247808, -275.40126305703905, 63
-274.49580171, -274.55103519300735, 63
-272.47500099, -272.40996043207286, 63
-275.49941461, -275.48435904966004, 63
-274.45930467, -274.53898714515947, 63
-274.81913749, -274.78711266222507, 63
-272.04910721, -272.01872860066106, 63
-272.8082227, -272.7956297819011, 63
-271.63729053, -271.68015246194153, 63
-272.61803668, -272.5857617663539, 63
-274.82890931, -274.9167047503869, 63
-274.40667559, -274.3619277935931, 63
-275.292221, -275.3578447085924, 63
-270.76599916, -270.7606428493983, 63
-272.70889955, -272.7244394220039, 63
-271.45594265, -271.3776620044223, 63
-273.3440649, -273.384984403137, 63
-272.69058323, -272.76162969145474, 63
-274.95701369, -274.931481410116, 63
-272.59131553, -272.58519878693687, 63
-275.06579793, -275.0438828942507, 63
-272.99645056, -272.9441394796954, 63
-270.49070218, -270.5290120643189, 63
-273.65786625, -273.66326863657724, 63
-272.82843565, -272.8341110575737, 63
-270.43640303, -270.38223075349237, 63
-273.61702763, -273.60258102996977, 63
-273.75698789, -273.73619159085035, 63
-274.36487138, -274.35880233293454, 63
-274.09469944, -274.2112446478474, 63
-272.33411183, -272.3541500193919, 63
-273.42375144, -273.42842376144546, 63
-273.17266386, -273.12846148007145, 63
-274.73454918, -274.78265619262663, 63
-272.29432187, -272.212475020429, 63
-274.11881023, -274.1437780650099, 63
-274.56028447, -274.61007951505405, 63
-272.93734016, -272.89153093910556, 63
-272.98336498, -272.9683829829414, 63
-274.15508886, -274.10043849197666, 63
-274.4603849, -274.4968654433458, 63
-273.81772711, -273.7827323448029, 63
-273.65567861, -273.737705720892, 63
-270.68163244, -270.5963559991079, 63
-273.75702839, -273.76531236564125, 63
-272.03965535, -272.02794234841264, 63
-273.2484025, -273.14332397683256, 63
-273.78580757, -273.77527074570907, 63
-273.03610265, -272.9637884572066, 63
-273.44295098, -273.4890833828644, 63
-273.07466997, -273.11782913185806, 63
-273.73444836, -273.73496773407743, 63
-274.40471687, -274.37842688494646, 63
-272.93513958, -272.85614600661125, 63
-275.33503011, -275.2945356401223, 63
-274.8857083, -274.91667702632697, 63
-274.25683178, -274.2927512786497, 63
