-4.18042945, -4.17390254947987, 1
-4.17446208, -4.1666714932605435, 1
-4.18078482, -4.1710755216476505, 1
-4.16179117, -4.15506120599073, 1
-4.16166375, -4.159632493432426, 1
-4.16885845, -4.1613336411911375, 1
-4.1600996, -4.152936857053376, 1
-4.17603524, -4.169668862176721, 1
-4.13989015, -4.134314915477431, 1
-4.10859095, -4.1029795587991345, 1
-4.16486347, -4.159081829660733, 1
-4.17914613, -4.17232942390266, 1
-4.15837677, -4.154484101665624, 1
-4.0828318, -4.067931636645918, 1
-4.15892695, -4.1530029271233655, 1
-4.1628018, -4.156434655159728, 1
-4.17783806, -4.17052388085508, 1
-4.18020528, -4.17159325444632, 1
-4.15716753, -4.151800740942511, 1
-4.14984513, -4.143166467149564, 1
-4.15810835, -4.150982307407844, 1
-4.14391246, -4.140839218814946, 1
-4.15428137, -4.1486563679040085, 1
-4.16838354, -4.160802505023227, 1
-4.17631048, -4.168881499945388, 1
-4.170617, -4.165194404430363, 1
-4.17552854, -4.169639201672421, 1
-4.12610355, -4.115604787902548, 1
-4.15435253, -4.146406284542277, 1
-4.16114638, -4.153253111132771, 1
-4.17890389, -4.1732164539172345, 1
-4.03881841, -4.037505198841739, 1
-4.13847905, -4.12760104398124, 1
-4.1808063, -4.172916283507069, 1
-4.10868672, -4.100218535355554, 1
-4.05634835, -4.051049396749065, 1
-4.16684301, -4.159509171680069, 1
-4.16014656, -4.152352466413694, 1
-4.17602603, -4.167430703251102, 1
-4.15220018, -4.1482372442135, 1
