-4.09401418, -4.096693939771283, 1
-4.17329888, -4.179772470418162, 1
-3.8141701, -3.828362416860685, 1
-4.16433755, -4.169883911068923, 1
-4.16029376, -4.170458994308422, 1
-4.01773549, -4.020006588503621, 1
-4.17287564, -4.180337480733069, 1
-4.18667233, -4.191694660203872, 1
-4.15672561, -4.165552271608389, 1
-4.17411537, -4.182032624179362, 1
-4.1193692, -4.128987214036532, 1
-4.04044631, -4.040968703754454, 1
-4.12395703, -4.126794346660134, 1
-4.13806378, -4.1408236533720615, 1
-4.10236241, -4.106082495846908, 1
-3.87265623, -3.8887767805525773, 1
-4.14987397, -4.15536188935965, 1
-4.16625051, -4.169762806317371, 1
-4.14878351, -4.153494052023548, 1
-4.13730029, -4.141191264440938, 1
-4.17611619, -4.183157734058654, 1
-4.17395411, -4.1782343489966856, 1
