-17.97324328, -18.0046695467461, 4
-17.06515219, -17.110322624662032, 4
-17.32786661, -17.366313011530075, 4
-17.45198197, -17.472076471036594, 4
-17.60988495, -17.64253936551846, 4
-16.44697543, -16.45813193089424, 4
-17.82620387, -17.857508408860905, 4
-17.41894516, -17.454960546812366, 4
-17.30966073, -17.32697138884396, 4
-16.6045882, -16.615910291041693, 4
-18.00186775, -18.034229805073405, 4
-17.99846986, -18.030883539381144, 4
-15.81360722, -15.824908672123618, 4
-17.56042577, -17.593608017668387, 4
-17.13821353, -17.181638531494375, 4
-17.85229068, -17.88328691128219, 4
-18.00059521, -18.03294178373139, 4
-17.47985389, -17.514437533382434, 4
-17.31966607, -17.358333027529245, 4
-17.17354343, -17.216040224775618, 4
