0.8401797057181389 -0.9932529010881562 0.5799369266949429
-0.31998622273360894 0.28648276020609537 -0.21922292554180214
0.5568037857181252 0.3446958455662239 0.24966336195742628
0.2832932710908861 -0.9791252881817618 -0.30004527285430516
-0.8635889657898729 0.2282878782797209 0.2565436091867329
-0.49670157400366755 1.1129117052178745 -0.5668756994429935
-1.314085820206315 0.00041759660050166847 -0.18114406289370671
1.5855542706429653 -0.26317458158983065 -0.3491703841379725
-1.6014340256595005 0.2502365897503573 -0.41564050830764904
1.5230703494584439 -0.18681258080828567 0.850075216902475
-0.6596919839418708 1.1447784453843706 -0.25906813098880543
0.46658720970627865 -0.9454454693371129 0.3549478694256578
-0.32057130028548453 1.0807177286869833 -0.23230552768370083
-0.7981504096005544 -0.04228077197615506 0.6570688280081138
0.553056432223601 -0.18472915171517715 -0.38440783190390326
-0.07081978308051842 -0.24606124340814686 0.01659931389360876
0.16255153958678317 0.33003592054069797 0.6313392605260113
0.4739335211561746 -0.9376824821282027 -0.6882940428401301
0.0801000959550541 -1.6821183661688253 -0.926319929370431
0.4985751610330808 0.8728113122468163 1.3311918974447512
0.5380189956670742 0.08913184085909706 -0.6890954212214453
-1.0081870140539835 0.3806318525079632 0.402649167657746
1.1883136139690096 0.11598854379599463 0.18875408324978324
-1.2968208525702367 0.2235548167589536 -0.30717979776040366
-0.2534289515299151 0.2332268182944355 -0.6744393322903728
-0.24547912546105438 0.2558987024318511 0.6047331284611757
0.5189000722450686 0.12864838976230092 -0.20312786571312852
-0.5550202601076555 -0.33830905226757524 0.06282839341784077
-0.5812689183557875 -0.9717446843055082 -0.5264333123792644
1.1162971832093438 0.6922798260844959 0.7364389885037484
0.06744610094883347 0.018167301488690037 0.7645929024595147
-0.48731696162032395 0.405083299231422 -0.39229172110066896
-0.16281349505179102 -0.6385683141052513 -0.4591170009272158
0.32823599853098484 0.3632883250508443 0.3775909017334469
-0.26017775799459786 1.0496305956296532 -0.009341260157625236
0.5146261151868923 -1.1976012072953572 -0.2814338220074515
-0.34617089862595796 0.3749867405828883 -0.713347725122094
0.7064178412923096 -0.6144301833484176 -0.4659264739734966
-1.0233997884001416 0.19960586267400707 0.937887046316884
-0.2280891474016271 1.0472742980673748 -0.6720307520324714
0.45311796631010265 -0.7035644464664611 0.6262809915580074
0.4381240268253142 -0.30387227150939033 0.2871369132531706
-0.3331002855992165 0.07314999923190771 1.2205325246597138
-0.20758172338841357 0.5187112093366524 -0.08867788008178185
0.2270889219926988 -0.6739333314833701 -0.6925518366317402
-0.1615721159410176 0.6267661481930743 0.013466194030450657
0.3995706706761691 -0.10781263936685016 0.9256734078087706
0.07559453225977851 -0.43688138591141357 -1.378442409785414
-0.34021061349589743 1.2148354971440178 0.2816090499134395
0.15834108664708063 -1.0518487549253588 -0.888630114553921
-0.12423509602085797 0.3066745990376779 0.43428155584061373
0.5708827891402063 -0.8498154662050345 -0.044378356777368094
0.32629431333489 1.7582531466653535 -0.12427499252716852
-0.5910724796054234 -1.3780990217166549 0.3413928581044055
-0.6159723535131053 0.3105927472940321 0.09652386271614215
0.7131843652591736 -0.42606813040942415 -1.0475041575104078
0.41967401500651064 -0.005941078054141374 0.24705770185964354
-0.32728926072292014 -0.09084750587679888 -0.6655230159267761
-0.4479658843215787 0.39467094554107685 0.6590588791928665
0.25836911829192155 -0.18240697849474508 0.7103867296685314
-0.4688479622040287 1.293145939671183 0.4636767682961163
-0.2532396416480418 -0.5200985092184238 -0.5203834376384364
-0.37075647999397154 0.4738342844564075 0.7689044763398952
1.154039619827231 -1.1749519556609493 -0.7207399035424517
-0.15545534252635343 0.955934325413083 -0.23788972893961396
0.09425980654516455 -1.0278640846613027 0.24643182548449002
0.5595248026744761 -0.9991048820268158 0.16066271822719785
0.33185575363419867 -0.15303052943879988 0.7845789827317493
0.779088819512636 1.2516688043048347 -0.8945538286077702
-1.412111285266449 -0.3456352256989952 -0.3320359903868057
-0.22956345357963426 -1.4832316111636419 0.6961289611642067
-0.028794636975227855 1.7293334440234212 -0.41478084312857827
0.3697990428123984 0.1910014425084352 -0.320355708873165
-0.3697990428123984 -0.19100144250843565 0.3203557088731648
-0.12640505927404097 0.048200238466555356 -0.14933369341973146
0.270496967691946 -0.12501365043226528 0.4018529292422873
0.6790995121904959 1.1811101196145564 -1.1176524267784724
-0.8669998617023242 -1.0712158900153033 1.3513446605610724
-0.22398786629390446 0.10835440634284368 -0.9706172158032244
0.26779630738782756 -0.14143522397638789 0.48440574619806737
0.38385932224610486 0.2425353175223346 0.024965162250745437
0.13864094603277222 -0.6707172970979488 -0.4001605223966771
0.5382660784811858 -0.2233709431934342 -0.058429257270216084
-0.4287062422987988 0.30227377969784586 -0.11644619476099335
0.14078397078557486 0.6939384990043372 0.8086931187814034
-0.7728440752468381 -0.34465935593313574 -0.2586223066042614
-0.5918741082192445 -0.00259391768238391 0.005157847187981401
0.41715241858681945 0.18165166985703785 -0.06370200922642459
0.2718740097778798 0.5724393635010248 0.10294245205277175
0.05170775704434632 -0.9276622230730556 0.19717637340995786
-0.5680467369454134 0.3448004526973125 -0.26066857825961237
0.41918665975561314 -0.16863534529993746 0.01909391483532588
0.0485214113708749 0.1287399543743306 -0.6248014809669404
0.07100257108759558 -0.43623036104775464 -0.575417534402838
0.40091577876504725 -0.1637370484194513 0.21006085374327887
0.0710409433391348 -0.21103860719043055 0.2838136567186052
-0.9555547198465058 -0.11020549826574268 0.516887933344481
0.36407401528385375 0.7924715605490482 0.18945657156341372
0.47043136730549906 0.019110176726571573 -0.5768068477236024
0.28304871539482546 -0.8149883302946039 0.4272392022129481
-0.43452995837825387 0.6080206414933024 -0.49939113401365565
-0.5266080473454372 0.2803861240026344 0.243487595845085
0.7739048002990726 -0.2963751595943358 0.30944259898289167
-0.5662468772757068 0.2038465476664302 0.09602858469633345
0.8712871672319349 -1.5793317838394498 1.0368324985838497
0.2533175231623642 0.5821305241016784 -0.7557056811199645
-0.09278259978639415 -0.4722332971384128 1.1953495937121335
0.3566305291512988 0.08389764975583869 -0.142458621765911
0.5689682157956945 1.0085415043072055 -1.2543999038242837
-1.9574208355548977 0.3769954028131396 -0.07961788558582317
-0.3080416559248307 -1.4146318994757074 -0.1873314716025666
-0.1158879231873816 1.6707196952894585 -0.897739071196065
0.6956181611075217 -1.8183879635700988 0.32652352971072685
0.1965068466156778 0.9902037630208022 0.5482689378526041
-0.4320369637847835 -0.5058867671988528 -0.7132519684384249
-0.036158464826202705 1.0779831719343989 0.9235300436737248
0.40438923881480965 -1.1977812422461898 0.019612456720377924
-0.00221507387039167 0.7830334171599879 0.457930283646113
0.3217252181118375 -0.14801209966572804 -0.7018481928450648
-0.2075386563906966 0.05655891647704464 1.0684491348495055
0.9154840981811376 0.4323069643544908 -0.6272087086467989
-1.4318448248466957 0.07389404392039356 -0.2169349737241327
-0.7799935497533842 -0.36932756899484 -0.961729178087756
0.6863978738078661 0.2957022593350717 1.210766440244052
-1.2123630898787976 -0.8369112730183518 -1.6945740331495514
1.1416426014556105 0.9495719428416131 1.654586860209652
-0.8824691977563919 -0.686734939463718 -0.4776131447190585
1.0467853621250975 0.6476995793002254 0.2685630555026619
0.31676103146866863 -0.3899481465070791 -0.37852379649873363
-0.7761270650024825 0.6916364993127868 -0.636780069651496
0.4684693458289252 -1.1776683295507213 0.3954478891145009
-0.14005606848651342 0.9385093276521735 0.683985673487115
-0.6258211010201397 -1.451231990689415 -0.7616981845629616
0.7567738572115423 1.3887026397822577 0.6975684881115741
-0.22171976117603776 -1.2638879514134882 0.5998338731125823
0.5208832416693514 1.0227387446366272 0.14723290843047315
0.3782593243518532 -0.025838093769011417 0.42997342696751506
-0.28272437711801107 -0.31853013009756903 -0.25361915124963386
0.12277995287577331 -0.05194410391644189 0.36427204394036944
-0.51747838060293 0.637461534559884 -1.2876931012013082
0.5674027120626994 -0.9274086015997551 0.26893709957130174
0.02051327841386344 0.43159509157185477 -0.06328082499101984
0.840193834478065 0.5240613308086545 -0.45721493568045535
-0.7302600954132197 -0.7185296869160752 0.796826180408603
0.02126546215144967 0.10773711767865617 -0.07817401081094372
-0.7191151916928585 0.5825447484566652 -0.46709350849748654
0.8033843017497504 0.8426943583968467 -1.7576610310328085
-1.6705975032576295 -0.16712454860393555 1.4699186328674532
0.8413056776762537 -0.9106163172618952 -0.7928906761195571
-0.6089355221742039 0.8231800062911983 -0.40771978409958065
0.5313212135375462 -0.8301924631265354 0.4008431632554885
0.10352183246828275 0.24205896430431942 1.0875096951290053
1.3018818201038673 1.569287964906149 -0.5526824436616371
-1.260758361834895 -1.6423169620369356 0.49785318531504774
0.3587243863744765 0.7015001821825859 0.5216918979860574
-1.0043422162923008 0.0895346900159759 -1.0860906947162572
0.041094098657449965 -1.1462992575526847 0.5497170189671475
0.5634002729914017 0.42829338248490917 0.06951103610964195
0.7269476322993794 -0.41516473872485365 1.2879518863766932
-0.3182308246563667 0.008441788739745965 -0.727012473472208
0.5551582812189888 0.6899111016968765 0.46995171869233865
-0.7209862969980279 -0.3131635404166411 -0.7731500545800019
0.1472299708898019 -0.25566849032665406 0.5295065168228901
-0.39011876275377555 0.2856438790315271 -0.7872475938397109
-0.32533962775201375 0.8973266179957441 1.89984933946682
-0.7637230435506125 0.04820515266382996 -0.7076876713360597
0.47432970827446763 -0.169711857105399 -0.4789644146750887
0.26866608460764596 -0.34624772595687414 0.7100359222565005
-0.6510534588183886 0.052555872740331466 0.3632548543853881
0.9971203372389034 -0.48212806033763317 -1.786488030097558
-0.5740440594458762 -0.7993842285766752 0.7276033423947905
1.3575521496123246 -0.028837563411240615 -0.1104317737812032
-1.035133881860301 0.8152946661819299 -0.4559479570187551
0.3961018931470875 -0.10276521153645164 0.07241260500048757
-0.29861680399370427 0.20407237705382408 0.6051858343010703
0.15414070254046996 -0.08838003971138791 -0.8388220508963884
-0.16062479991680367 -0.5125561894159448 0.8920535517276991
-0.004321228255912652 0.8381271673541877 -0.04669030493148163
0.4465892065698077 -0.3624256998637721 -0.5764604615283595
0.04001378830530451 -0.14621285035515252 0.510302350377607
-0.6404793664663995 -0.5205044182864602 -0.610704509091012
0.3188223997640038 0.7035719905671434 -0.1685006265544547
0.08280002128262207 0.1322005452145304 -0.3743858326427331
-0.035251317516766745 -0.10238355860367887 0.3450795078946476
-0.25649793102472246 -0.33384796178480797 -0.026865616229276662
0.47564325926882345 0.15925447796972872 -0.2801229662620578
1.1625289889670078 -1.3893548105791587 1.0627048517567153
-1.4292230209769639 1.5341313077833856 -0.726409944517293
0.48230712951782007 -0.5108274892108194 0.2898749460104691
-0.16505535192946158 0.21725142413309104 0.1503999096210848
-0.13119971852114196 -0.05414860983034113 0.2571865850694045
-0.36504200473911297 0.5012579946268063 -0.6862465574744154
1.0094046678198096 0.314838255151619 0.12774380624979667
-0.8304147221479119 -0.4683715748703562 -0.13895868947634013
0.5038401252391402 1.0163050418342614 -0.10445137662040377
-0.5038401252391407 -1.0163050418342627 0.1044513766204041
-0.845220280734265 0.28837895241041306 -0.2102202448675189
-0.494706324286529 0.746317813122143 0.1283146285467954
0.8748688045573416 -0.24691252900439561 0.4499755009614562
-0.1768768427290151 -0.35361248170772663 -1.1877397514557486
0.14724303801140715 -0.45511291622437255 -0.21961935818049375
0.4946916051810609 0.020941161403938827 1.0392892249955084
-1.276414474586365 -0.43064224783596794 -0.5351642376199848
-0.46009370087345103 2.297642338333057 -0.707921642570765
1.1365995300017082 -1.3548972683284128 1.8726440009244378
0.40730575184146955 -0.1722375137337238 -0.13046009992998775
-0.7480415371193972 -0.469347864407619 -1.2380332726269485
0.940644430736035 0.12948255597266634 0.7389352518232479
-0.564974764909968 0.484022680131611 0.19847737447063843
0.26587785042783263 -0.03791239801413057 0.3154090790035133
-0.02389816057545626 0.07504860063373736 -0.3584402486799342
-0.29950893180017546 0.3405698120786614 -0.16763249578359704
-0.13096592427569798 -0.5434931175075799 0.2478148658226782
0.7534699311334659 -0.3182355773222981 -0.23562857483330024
0.2613020699990868 -0.006222495200045834 0.2516793595986799
-0.10793287506894592 -0.028177448606642674 -0.6075060231549998
-0.022903607378753507 -0.09273625476707378 0.6068862825772622
-0.6774456985309812 0.6468775544100933 -0.7379085426103895
0.4250826236556953 -0.8963114622296884 0.21045138316188836
0.12189748732389831 0.37657010639335836 0.2763975404275609
0.15688819649746888 1.4711108963253878 -0.11955748908644037
-0.7857985133280032 -1.0685240662512125 1.5677634009625443
-1.1166235752842038 -0.8209934220632884 -1.799201038307621
1.5952389940557667 0.6418253842577735 1.3913216506108173
-1.1065310723693333 -0.22182933320204964 -0.39490139371357164
1.2568259704283051 -0.0015894590666110306 -0.6454251304657284
0.7039629826393776 -0.6039970721260439 0.029298375950259595
-0.4346338968844499 0.4530377303668254 -0.6259500702593448
0.028553981626456143 -0.3677924566443887 0.32287791509352487
-0.030372030860918733 0.09705784510738422 0.343163602430078
0.31753143613358376 0.44294436769608553 -0.2032605235154449
-0.5850424726540495 -0.02125041439986261 0.13387070030092735
0.010104870858410699 -0.07284785279473885 -0.03655856322822948
0.2547999803621185 0.1152546398171688 0.5312933731823131
-1.2827314818102382 1.000065098838221 0.38679330786916716
-0.2620103156568067 0.6031546385403422 -0.3281187236677481
0.8064682111603069 -0.3090362381602594 -0.2006664900076608
0.47336873508620997 -1.336590286240733 -0.3527429041478411
-0.9197193565907443 -1.2609582712574803 -1.1423290046375765
0.44715985147478676 1.5521907024032342 -0.06435026335857112
0.350607087504135 -0.7939395712737717 1.562857024659065
-0.1141562205063883 0.5325687863286132 -0.7417667167172128
-0.21204812470828 -0.9477336837123644 -0.6560910578268597
0.4481567628264913 0.9178720375117673 1.0416800178811572
-1.253486093624237 0.5104587444659046 0.22607902036659175
0.8586350200015628 -0.10168586054859463 -1.0642863789563788
0.296756901992004 -0.08015759401678771 0.9351008775153368
0.4213338658437893 -0.5839007305903066 -0.6627035825392481
-0.8354058047380903 0.6722949087551235 1.0034749730767647
0.5121661105249713 -0.41700946806533856 -0.4376649094630674
-0.47896817408321957 -0.5575325279050225 0.2015422626546217
-0.37141570907923266 1.5302167995318627 -0.4554327120494599
0.4880697909190891 -1.1309025631168625 0.38202740839792
0.7001858442800785 -0.23715225101090576 -0.3031651907364256
-0.13922401277018032 0.6160836939685691 0.2031780958397009
-0.19864773926653384 -0.2207131514676415 -0.028149864106356837
-0.8806805210466536 -0.9011283682459842 -0.15875670058343733
0.6673588898081673 1.1110379710915357 1.369459300543379
-0.7361837537228492 -1.1659315130117 -1.4507579437714733
0.2798332223375138 1.4030126845018545 0.5464779266858553
0.09707289197916993 -0.9727415831929532 -0.602838408799334
0.5725992706446515 0.5257508088572468 0.2964158259250101
0.02663750640233297 0.5578854994938671 0.8879012047724972
-0.3488059655744325 -0.32289199108491995 -1.6586940771570924
-0.11373033612263636 -0.126460429960715 0.9094120333821998
-0.021466613266981502 0.4654269399614154 -0.042642787279682515
-0.5389546797390811 -0.9846455075114146 -1.1365838721734853
0.9963200883007985 0.41068548910176766 1.0406074984555633
0.07068604455542024 -0.39009140498865735 0.40897468144175436
-0.14136382528131244 0.3905348955366363 -0.422249649652364
0.13749433485231258 0.45791001039068735 -0.16001105434401133
0.21632438314488392 -0.7265877704603093 -0.05092354245579356
-1.1242978215536543 -0.3723741902789371 -0.5016386400853883
0.8411568842823485 0.6406084598005801 0.7258482050958025
-0.03980750468118751 -0.49359127033900985 -0.9927518433883545
0.936316715940582 -0.654400114957264 -0.026462931092520403
-0.8719014974093251 -0.7471034082086807 -0.574373809002281
0.6467002892127104 0.7338024036967359 0.8812467574504835
-1.3268907882033145 0.030946105799125663 0.9706423719358579
0.6555827851405343 1.130346284009094 -0.258300545903184
-0.799574357351897 -1.200701917442156 -0.7027133018650904
1.118701149449102 0.9653348150601899 0.5719264126017944
-0.23766817999809256 0.09349594104377563 -0.4008242648819734
0.023064209903524622 -0.12524018513912835 0.4128788226144888
-0.0010351465093114383 0.09113139145587353 0.0235186302438547
-0.10348767549332437 0.17597995502144403 0.0952137012869254
-0.03137634391919003 0.5015188167384655 -0.05330247589253641
0.34479412484604205 -0.7311828784317096 -0.09587353071369165
-0.1573073540675008 0.4163144014582526 -0.5571846629823325
-0.10395093143069403 -0.2909324696950414 0.16971492837801208
-0.45123611361726523 -0.23834974455249566 -0.30632614167840777
0.3990766181886086 0.3426318744825291 0.8429718828889581
