0.4381129727699532 0.39791771663430847 0.09414581211898199
-0.4381129727699529 -0.3979177166343073 -0.09414581211898168
-0.24161397334370946 -0.27259442813100443 -0.10194972878664277
0.24161397334370974 0.27259442813100454 0.10194972878664342
0.6011276618452566 -0.5538177076298593 0.04871646209112626
-0.6011276618452556 0.5538177076298592 -0.04871646209112643
0.062013947542591236 0.48453637199076494 0.626203550287934
-0.06201394754259135 -0.48453637199076494 -0.6262035502879342
-1.9091859008505223 2.250142017461631 1.8049203462530206
1.9091859008505216 -2.250142017461631 -1.8049203462530201
-0.3316073615721915 -0.5783031015743174 -0.24765755745820361
0.3316073615721915 0.5783031015743183 0.24765755745820386
-0.34873024542520237 -0.07528073686666707 -0.06155611600860801
0.34873024542520276 0.07528073686666709 0.06155611600860847
0.10381307498036065 0.018150683480165703 -0.01027113234250684
-0.10381307498036041 -0.01815068348016485 0.010271132342506952
-0.0021955512918568057 -0.001924980496085134 0.005029249116237554
0.0021955512918573157 0.0019249804960856775 -0.005029249116237072
0.7376881114348532 -0.9870832312494621 0.46219490672552094
-0.7376881114348528 0.9870832312494627 -0.46219490672552027
2.154329217617139 0.9447323323758832 -0.6532178140304561
-2.154329217617139 -0.9447323323758829 0.6532178140304554
1.9317040173785625 -0.7296621685451146 3.7375293363580706
-1.9317040173785618 0.7296621685451143 -3.737529336358071
-0.06746767431148698 -0.01848425975717758 -0.21238538196551504
0.06746767431148729 0.01848425975717778 0.2123853819655151
0.006287143380991048 -0.021543433952907226 -0.5130802130006116
-0.006287143380991145 0.021543433952907188 0.5130802130006114
-0.09939951428521596 0.026454713041965817 -0.1639286014360002
0.09939951428521626 -0.02645471304196545 0.16392860143600102
-0.4677053958910885 -0.4247891962267457 -0.35234811688999024
0.4677053958910894 0.42478919622674466 0.35234811688998996
0.14955032205295293 -0.63084839328923 0.3826441124307663
-0.14955032205295324 0.6308483932892304 -0.38264411243076607
0.02202230341013958 0.08287816223594639 0.9280627666302266
-0.022022303410139058 -0.08287816223594574 -0.9280627666302269
1.1291620896056036 -1.187889906524115 1.9789473033618716
-1.129162089605604 1.187889906524116 -1.9789473033618714
-0.004852210762253721 -0.07480962207188643 -0.027839645719332846
0.0048522107622535615 0.07480962207188704 0.027839645719332954
0.22759475651941333 0.37120995748436497 -0.41221471759591966
-0.2275947565194136 -0.3712099574843649 0.41221471759591943
-0.20333000081600194 0.0016605277888567908 -0.1621796287879151
0.20333000081600222 -0.001660527788855875 0.16217962878791475
1.0115311330849581 -0.017765376279683446 0.3393468058624952
-1.0115311330849588 0.017765376279683925 -0.3393468058624955
-0.08012440857602246 -0.0017296839025319718 -0.06300568690337613
0.08012440857602267 0.0017296839025325796 0.06300568690337575
-0.31804097443001456 -0.04467921726104571 -0.20561531775730021
0.3180409744300144 0.04467921726104561 0.2056153177572999
-0.019945630909045338 -0.31285544419947076 0.2657121633431559
0.019945630909045376 0.3128554441994702 -0.26571216334315567
0.4689194171305785 0.2336201233873419 0.17589136835088068
-0.46891941713057866 -0.23362012338734267 -0.1758913683508816
-0.0315515862520008 -0.0024621398201764037 -0.028735570546510297
0.03155158625200012 0.0024621398201764635 0.028735570546510422
2.5793244237655713 2.8229234923029254 -1.8863919591092106
-2.5793244237655713 -2.8229234923029254 1.8863919591092109
4.224699372208731 1.9848472272412168 -1.2816725334122592
-4.224699372208731 -1.984847227241217 1.2816725334122598
-0.2944556410684535 0.6160120676015935 -0.008587959235554152
0.2944556410684534 -0.6160120676015943 0.008587959235554683
0.23553700725200638 0.18910786487987083 -0.2205833723449963
-0.23553700725200688 -0.1891078648798715 0.22058337234499528
-0.1347521728788116 -0.06958921422609729 -0.3304915123677079
0.13475217287881186 0.06958921422609769 0.3304915123677078
0.02426774039090288 -0.03970531712909662 0.07664302964045079
-0.024267740390902497 0.039705317129095245 -0.07664302964045103
0.055402557733274724 -0.11268432318148461 -0.2578663932369575
-0.05540255773327518 0.11268432318148433 0.25786639323695754
1.4535704179367375 0.5705283133956087 -0.5088833913497562
-1.4535704179367375 -0.5705283133956086 0.5088833913497556
-0.055826606847580035 -0.024838654606785988 -0.0077967117569819454
0.05582660684757963 0.024838654606785526 0.007796711756981704
1.913285779036443 3.006349212986595 -0.9380485621033086
-1.9132857790364435 -3.006349212986596 0.9380485621033082
0.10577122495735942 0.25823563939661576 -0.013271473342593584
-0.10577122495735966 -0.2582356393966162 0.01327147334259326
-0.5684937864629808 -0.101676520667591 -0.42933099281416415
0.5684937864629809 0.10167652066759107 0.42933099281416454
0.006869392236005925 -0.0032395497121819 0.0018099843623692593
-0.006869392236006115 0.003239549712181668 -0.0018099843623702087
-0.24976282932620025 0.14442576261494458 -0.25782717508799313
0.2497628293262012 -0.1444257626149453 0.25782717508799363
-0.24256235622983724 -0.5110015264973203 -0.22262476924059382
0.24256235622983785 0.5110015264973191 0.22262476924059416
-0.0281935187290445 -0.08335461149612336 0.04106748168704336
0.028193518729044433 0.08335461149612292 -0.0410674816870426
0.10796736861436307 -0.025225376405762535 -0.04838346475124282
-0.10796736861436321 0.025225376405763607 0.04838346475124332
-0.2167390444868016 -0.20351410205813605 -0.02934774351670326
0.21673904448680215 0.2035141020581358 0.029347743516703016
-0.3872788418388192 0.13517262311188272 -0.03141118363352132
0.38727884183881883 -0.13517262311188166 0.03141118363352143
