-1.04254 0.972241 -0.77763
0.674599 -0.312872 0.102622
-2.200167 0.361313 -0.006305
1.59062 -1.332449 0.024623
-1.402188 -1.484214 -0.669852
1.169185 0.264114 2.068911
0.179591 1.231605 1.224396
7.871867 -9.090637 -6.930859
0.827762 2.248201 -2.194186
0.460702 -3.132487 0.43261
-2.247505 2.169489 2.617181
-6.464509 -5.815335 5.971191
-0.667819 2.4405 -0.321051
0.460546 0.09731 0.833772
1.25139 2.231883 -3.23618
-1.165898 -1.024424 2.711684
4.481477 -4.598845 4.498084
-2.296435 -0.218847 -0.862118
-0.083457 0.675289 -0.849808
-1.654141 0.424774 0.338375
2.550109 -1.776872 1.415909
0.094206 -1.567675 -1.233299
0.723161 0.881032 -1.454864
3.947936 -5.327381 -3.595172
2.282658 -1.257412 0.687638
-2.408529 0.288546 0.525144
-4.122691 -4.802011 -2.915875
4.779084 3.459436 4.58467
-7.397859 7.858976 6.857744
-0.384738 2.113052 0.556663
0.429332 1.510371 -1.531454
-0.550618 -0.133811 0.788038
0.283701 2.080292 0.427371
-1.508326 -1.744842 1.365927
2.004231 2.976792 -2.80786
2.308643 -4.960086 -1.476293
6.924578 5.275042 -5.980587
0.843956 -0.573663 -0.572974
2.059239 1.33839 -1.803726
-0.351288 -1.187432 -1.36187
1.455186 -0.360837 -0.723392
-2.330304 -4.235661 2.525387
-1.097006 1.808874 0.224864
1.575912 0.755916 0.13598
-4.80234 4.845911 4.471143
0.434943 -0.302418 0.947587
3.463228 4.688206 -3.580167
-0.789311 -2.025006 -1.357989
-0.692198 -1.977214 0.329101
1.026161 -0.118968 1.852582
-1.445571 -0.759331 -1.558483
1.28079 1.053185 -0.054123
-1.66652 -1.337889 -1.615474
1.47704 1.010033 -1.064383
0.437962 0.849764 -2.061783
-3.846523 4.920697 -4.948482
0.463937 0.722357 -1.30991
-0.986139 2.202595 -1.01657
1.024045 -1.478473 0.441355
-2.033542 -1.58902 1.891389
0.702518 0.516642 0.134875
2.151914 -0.785481 -0.666769
-1.050311 0.26597 2.177985
0.923435 -3.426373 -0.298597
-3.188393 2.664952 4.810418
2.119524 -6.011569 -3.654307
-4.49422 5.042475 5.332566
0.524845 -1.148014 -0.9717
-2.495705 1.262726 2.130336
-2.007031 -2.085236 2.376631
1.287319 2.660038 -1.070778
-2.021283 0.26926 0.77597
-0.360708 -0.084317 1.103568
0.765013 -0.97306 -3.917961
-2.264365 2.747865 2.952342
-2.070895 -0.183555 0.233272
2.284029 -1.230886 1.759234
-5.322269 5.590099 -5.331487
-3.047129 -0.271328 -1.124981
1.100575 2.645136 2.224927
0.537177 0.293903 -3.047956
0.880097 2.059627 0.79588
0.094438 -0.035872 -0.986306
0.915923 0.685325 -0.648776
1.569051 0.035348 -0.017927
0.496144 -0.919881 -0.259775
-1.00396 -2.862466 -0.178173
-3.307078 -3.997928 5.128396
-4.292039 4.005101 2.89895
0.716392 1.057742 -1.466458
-2.500257 -1.609994 -1.552188
2.983326 2.241896 2.564737
-0.747535 -0.730001 0.375426
2.383546 -0.492667 -0.635126
-0.765433 -0.287054 1.752303
-0.400024 1.39051 -0.288478
-2.183273 -0.664459 -1.90164
0.781589 3.065943 0.073018
-1.62252 -1.744069 -0.758532
0.543196 1.178306 -1.579892
2.148262 -1.504271 -0.243821
1.48589 -0.423453 -1.105354
-0.961797 -2.15238 -2.252921
2.354115 -2.05164 -0.604009
1.066322 -0.383017 -1.957222
-1.111736 1.724944 -0.705761
0.265408 -0.691795 0.504261
0.378707 -0.451681 -1.309164
0.533825 -1.867691 1.52092
-0.287393 -1.237251 0.871382
0.017511 -0.314552 2.397183
-0.004024 1.291512 0.438939
-0.600995 0.46218 -2.558827
-0.459782 -0.603052 2.864132
0.853312 -1.266154 0.053387
0.647412 -0.972309 0.352332
-1.739125 -1.42711 -2.127709
1.149423 1.903416 2.392968
2.210781 1.303587 -0.821428
-1.068312 -0.856595 0.288879
-0.900957 1.616654 0.159862
-1.710848 0.359919 0.848025
4.771539 -5.378604 4.931844
-0.857009 -0.171894 1.33701
-1.959517 2.358495 3.4732
-2.468266 2.476315 -2.192013
2.65983 0.521524 0.139165
0.425412 -0.327226 -1.108568
-0.398733 0.18298 1.487322
0.874757 0.404991 -1.422076
-1.929075 1.880535 1.259995
3.834248 -4.233175 -4.620211
0.390485 -0.652712 -0.127009
3.423408 -2.677796 -2.186143
-0.985641 -1.33938 -0.997783
-1.443522 2.174358 -0.877935
-0.313731 2.495283 0.178058
-0.572956 -2.03092 0.308133
0.854845 1.432623 -1.682185
0.221491 0.975707 0.334937
-0.163052 0.661863 -1.392689
0.948865 1.211464 1.109174
-0.683627 2.979057 2.244977
-1.721029 -2.791997 0.341956
-1.182033 -0.240613 0.079537
0.313151 0.241997 -0.205533
-1.234912 -1.832414 -0.737531
-0.871995 1.386714 0.783456
-0.227577 -1.339069 -0.622473
1.088959 0.717405 0.656674
-3.892009 3.780921 3.47186
0.668144 -0.752266 1.329513
5.595694 -4.729014 5.998758
-3.174724 3.383621 -3.578775
-2.076911 -2.860439 -1.292621
3.519624 1.157264 1.440086
2.632863 -2.101561 3.24925
-3.022667 3.836001 -5.621374
0.336691 -2.172395 -0.232451
-0.338314 0.240609 1.583284
1.826029 1.963542 -3.182967
-1.157243 0.904827 0.37275
1.379636 -0.990095 0.570876
-2.177815 -1.632068 1.890798
-0.595401 0.014849 -2.32585
5.34362 -2.134745 -0.675917
-1.720662 2.59807 1.185398
2.105661 -3.604026 -1.497353
1.402264 0.302396 -0.383531
-0.023058 -1.813629 -0.414409
-0.218825 -0.128127 0.466924
-0.532142 0.026907 2.093232
0.15742 0.331804 -1.490958
1.015938 0.669137 -0.316378
-0.803707 1.50826 -0.152979
1.729261 -0.465983 -1.773582
4.551278 4.574952 -4.732807
0.123212 1.848943 -1.092173
1.188865 0.222507 -0.001153
2.10492 -1.801333 -2.386579
-0.002437 -2.960237 -0.328692
-1.30729 -0.291109 2.015572
-7.168953 -7.349969 -7.933923
5.888586 5.757387 9.006431
-1.129885 0.725352 1.404291
-0.561834 -1.190622 0.235571
0.412519 -0.14308 0.350675
2.031892 -4.465639 -2.193864
-0.645739 3.789155 1.349442
-1.684189 -0.467231 -1.2212
0.109926 1.375045 -0.71747
0.701203 0.050153 -0.670189
-2.601388 3.589623 2.23086
-1.909604 -1.740724 2.450492
-5.881053 -6.728818 -6.747018
6.128215 6.352285 5.680787
-1.352074 1.206585 -0.982832
0.789801 0.042628 2.02213
2.216115 2.531941 -2.667232
-0.851034 -0.807745 0.830895
2.02551 -2.661689 0.828771
-2.64775 -2.913704 4.511876
1.013513 -1.207657 0.97621
0.811304 -0.582318 0.387457
-0.271968 0.870799 -0.101295
0.745747 -1.004856 -1.948454
2.893526 3.13749 -3.511044
-2.006249 -1.624571 1.064825
-2.666351 2.155757 0.264389
1.980487 0.510751 0.229607
-0.451352 -0.048065 0.434146
-1.619 -2.213375 2.728872
1.357893 1.988231 -0.593662
-0.644906 0.286948 -1.236514
-3.094031 0.70697 0.402713
3.09201 -0.476663 -0.577272
-0.524353 0.712544 -0.197817
1.582263 -2.397956 1.26312
-0.542285 -0.355884 1.925415
0.742387 0.228188 -4.35891
-0.130024 4.061247 0.024672
-0.156133 -0.836328 -0.362655
-0.512421 -1.607697 0.80789
1.544803 1.213549 0.577753
0.863032 -2.254222 -1.93148
0.908535 0.385633 -0.483265
-3.354497 3.566161 -3.902696
-0.066948 -2.006685 1.555515
2.266057 -0.942463 -0.731027
3.651083 -4.533878 3.579597
2.373029 -1.616178 -2.641885
-0.28629 -3.949226 -0.460624
3.66504 1.275301 2.047798
-5.510946 -5.203215 -6.378959
3.904419 6.00881 5.255667
0.437876 -1.811754 -0.14248
-0.261144 0.63668 0.025828
-0.550527 -2.327799 -0.947679
0.103109 2.832398 0.202078
-3.820092 1.528399 0.901902
1.024368 1.869066 2.503867
1.693738 -3.788807 1.147025
1.092141 1.340387 0.767542
2.365787 1.726213 -0.232255
-0.775639 0.049471 -1.145286
-0.528959 -0.414696 1.412804
-0.479137 1.35777 -0.306105
-2.271225 -2.03209 -2.610724
-0.106383 1.903636 1.83298
-0.742074 -0.334543 -3.876744
-2.510875 5.35162 -1.106639
-4.293688 -5.687732 -5.90821
6.554912 4.90253 4.987368
3.383476 -2.875747 4.635404
-0.700819 -0.588248 0.59104
1.846414 0.033307 -0.043516
1.029922 0.538498 0.577278
0.331733 2.739553 -1.882208
-5.867411 -6.839818 5.380584
0.177214 2.116935 1.378218
1.428525 -1.888777 -2.411291
1.307595 -0.223691 -0.012179
-1.418621 -1.504619 0.984437
7.498137 5.941091 -7.085052
-1.530135 -0.631215 -0.124717
-2.852759 0.320421 -0.543644
-1.930513 3.495954 -0.695116
2.439918 0.663332 -1.964621
-3.378672 4.897647 -3.326284
2.92294 -2.436732 3.128558
-0.122639 -0.49705 -0.970801
-0.107762 -1.890835 -0.669583
1.234122 2.856088 1.525532
1.097238 0.561299 -0.491025
0.650837 -0.353587 1.025454
1.339049 -0.299649 1.008561
-0.943771 0.96483 -1.736711
-2.302456 -2.071033 -2.477151
3.183921 -2.781139 -0.769438
3.664512 -2.93303 3.097996
-0.867924 -0.165071 1.309455
-2.63375 -1.649365 -0.720893
2.631316 -0.055668 0.549996
-1.456482 1.247092 1.567614
-1.670263 1.593986 -1.11692
-0.74521 0.506952 1.302937
-4.741774 -3.103339 2.582959
-2.813293 2.93853 3.257332
0.126814 -0.857601 0.799517
-0.793015 -0.971034 2.191275
2.59287 -1.537745 -1.557246
-1.556458 3.242287 2.511451
-2.145091 0.9077 -1.918375
1.87541 2.571947 -1.857534
-1.142653 -0.044582 0.071671
-3.479027 -0.831846 -1.079976
1.890234 2.007894 1.118857
-1.330921 0.108743 -1.837224
2.793483 -1.863331 -1.582834
-3.997312 3.63038 3.553519
-1.253602 0.572951 -2.342843
2.677671 1.615046 -3.288644
1.192547 0.411232 0.58599
2.194094 -0.406817 0.501103
-2.435377 -3.726925 3.378543
-0.142619 -0.226695 0.712097
-0.586156 0.74934 -3.557322
-2.090916 1.37206 0.479583
0.446852 -0.745134 0.453131
0.929562 -3.138556 0.426245
2.773121 -0.096185 -0.40304
1.485939 -1.620677 2.338383
2.422729 -3.315019 -2.069077
0.11253 1.323769 -1.095796
-0.399408 0.458732 -0.246653
0.500031 -2.063738 1.634725
-1.243247 2.328005 -1.528952
0.21586 -0.801882 0.990166
1.112707 1.301099 1.161883
-0.784321 -0.33273 0.966187
1.745831 0.365941 0.299083
-0.532473 -1.67374 -0.485738
0.475455 2.275283 0.850518
-0.254883 0.103497 -0.617514
-2.29056 2.374985 -2.110047
1.111992 -0.309593 -0.012837
-1.307132 0.733747 -0.799472
1.45737 -3.57311 0.88551
0.775814 -0.347511 0.067902
-0.790755 0.323652 0.025258
-3.192658 2.132423 -2.635973
0.520517 -0.967689 -0.689166
1.400988 2.22441 0.054956
-1.448727 -1.367754 2.017763
2.634505 1.647651 1.506705
2.895084 -2.231895 2.563984
-1.66209 -2.407141 1.720045
1.831017 0.053679 -0.52272
0.086488 -2.613374 1.369543
-1.758216 0.918548 2.091998
-1.100248 -1.921658 0.53422
-0.932788 -0.470323 -0.758111
-6.089741 7.026934 -7.017147
2.907193 1.60615 -1.401164
-0.028094 -1.130476 -0.883313
-4.417673 -3.327773 -2.66872
1.468254 1.625991 4.558623
1.322371 1.260233 -1.704138
-2.74394 -2.651182 1.767528
-0.595268 1.766477 1.349328
0.856144 -1.733356 -0.794054
0.428727 2.255986 -0.307507
-2.155085 -1.231759 1.466336
0.463769 0.603597 -1.638851
0.953208 -0.645164 0.309416
2.887266 5.984595 -3.164741
1.027187 -1.329127 -1.507542
-2.688516 -0.943102 -0.708267
1.408252 1.909023 2.132241
0.809403 1.24396 0.937654
-2.193672 -1.971275 1.572237
-4.291621 -0.559092 -0.862627
2.357772 3.236977 3.170372
0.184125 -1.393782 -0.918493
-2.129693 -0.351209 2.409332
9.589858 7.482546 -7.912033
-2.511828 -2.532339 2.714059
-1.784653 0.652828 1.168538
0.085017 0.244255 0.242155
1.521726 1.015476 -1.622694
-0.665228 1.427985 -0.466187
-2.346052 -1.98069 -2.763635
3.657118 1.096555 1.853735
2.710301 0.536798 -1.52851
0.699195 1.195669 1.256243
1.377621 -0.629475 0.341349
-2.723504 -0.922659 0.024406
1.34515 2.088523 -1.265908
1.388827 -2.511614 -1.244127
-5.295813 -1.8006 -1.420873
3.169253 2.728128 3.058472
-1.663369 1.47567 0.317502
0.503721 0.301925 -1.75146
0.756307 0.511274 -1.782224
-3.290408 -0.667596 0.905523
-0.488845 0.009226 0.954101
-1.336943 0.089419 0.563024
-2.052534 -1.547002 -1.613277
1.077524 2.385639 -0.156431
1.915299 1.087473 -1.264218
-1.116227 -1.898537 2.122875
1.809526 1.419653 -0.745553
0.514384 -1.220052 -2.275894
2.445888 2.082405 -3.889359
0.671362 0.672897 -0.228262
-0.916919 -0.691135 -0.843587
0.721676 1.361133 1.307197
-0.085472 -0.089089 0.641888
-0.394225 -0.667699 0.90376
-1.685596 -1.902018 -0.682903
1.186554 1.303545 2.294597
0.500069 0.201975 1.606282
-0.363532 0.260828 1.205597
-0.562494 -1.254817 -2.034359
-0.672547 0.881238 1.695821
0.88833 0.207134 -0.309481
-3.450472 1.232676 -1.51629
-3.388664 -3.41258 -3.95332
2.928578 4.092712 3.123652
-1.652371 -1.821933 -1.946616
0.607459 -0.32645 2.639482
-0.704018 1.143282 -0.168807
-9.140283 -8.174063 7.825542
-2.507053 1.236954 1.29015
-2.316611 -1.7902 1.562947
0.182571 2.041089 1.124554
-0.202036 0.939273 0.014481
7.764578 -7.379553 6.434834
3.311829 -2.674432 -2.672982
-1.206987 2.464946 3.181754
-2.888805 -1.90349 0.891426
-0.168261 1.178824 0.557306
-0.527923 -0.186673 -1.291478
-0.452349 -0.058319 0.218828
-1.755166 0.405559 -0.086764
1.247601 2.058136 -3.309546
0.258388 1.058963 1.243089
0.48661 -0.751451 0.055703
0.17798 -1.33803 -2.202892
-0.587542 -1.176125 -1.838223
3.661885 -0.642612 -0.27941
0.531857 -1.195058 -0.262066
2.396016 -0.081392 -0.336488
-0.508467 -0.651083 -0.789633
-0.381642 -0.873524 0.144394
-2.805961 1.343751 -1.005612
2.930271 -3.142471 2.215077
0.180557 1.673205 -0.292034
1.921381 -1.545471 0.363468
0.338729 1.094695 0.581135
0.683901 1.165696 -1.714293
-0.909508 -1.901604 0.361042
-4.878408 4.338034 4.686856
-0.853128 1.711787 -2.196462
-0.090397 -1.423927 -0.088746
0.004873 0.816905 0.044548
0.808075 -1.314703 -0.02826
-0.49142 -0.379545 1.182626
0.058436 -1.794102 0.141698
-0.696371 0.45544 0.120039
0.372346 2.753548 -1.997879
0.844099 1.158556 1.773523
-0.514821 -1.235167 -2.791626
1.650401 1.051162 1.951959
-5.179246 5.494673 5.066177
-5.348056 -3.016443 2.210223
-0.17564 -1.653046 -0.536556
2.647715 -1.379788 -0.970359
-1.432716 -2.415915 -0.882226
1.281118 -0.34221 2.107145
-0.947782 0.962313 0.693896
-0.579789 -1.415775 1.564105
-1.448198 -0.51523 0.658904
0.430334 -0.783321 -0.218566
0.179697 0.776526 -1.428213
2.941276 -1.783424 -2.301468
0.905441 -1.077747 -0.687769
0.516479 -0.047058 -0.27234
-1.04851 1.622431 0.801708
1.729366 -1.248422 -1.197883
1.401223 -0.046519 1.135775
14.790045 -14.591657 -13.211468
-0.895284 1.379389 -0.371563
-2.709574 2.364186 -1.491422
-0.051881 0.629655 0.482469
3.432049 -3.775653 -4.028016
-3.044432 1.744106 1.54223
1.848508 -0.221469 1.543155
-1.656651 2.036654 2.409397
-5.770516 5.591211 -6.511153
-17.205851 16.552389 12.7203
-0.29105 -0.062797 -0.264167
0.47982 0.972505 1.161709
-2.573627 -0.365024 -0.062091
-1.790133 -1.417647 -0.354224
3.961121 -4.251845 -2.677586
0.030563 2.50119 2.131502
-2.883903 0.507336 -1.050832
1.668168 0.197614 -1.880514
-0.365521 0.327854 0.346661
0.217045 0.782913 -1.163915
-0.252286 1.413686 -2.904175
0.147855 -0.304432 1.296313
1.207073 -1.364518 0.15255
0.9629 -2.647777 1.310299
0.462876 -0.493989 0.246605
-3.028697 -2.479792 -1.674755
1.677229 1.239313 3.396307
1.822542 2.278797 -1.11793
-2.958643 -2.186784 2.294934
3.13291 -1.428712 0.769147
-0.413374 1.134467 -0.175326
0.796352 0.189383 -2.082618
-2.297706 -0.482907 2.424054
0.993872 3.046824 -1.865779
5.52529 -5.292496 -5.372748
1.450632 -1.260035 1.362452
2.726817 -1.806998 -2.493524
-2.412058 2.802274 2.993129
0.7591 -1.654399 0.206433
-0.124042 0.582567 0.004861
1.596698 -1.848999 -1.878361
-3.068046 -2.770035 -2.692288
2.146837 2.706378 2.338891
1.307672 0.591501 -0.549838
-0.258332 1.334289 -0.565578
-5.068383 -5.744969 -7.038758
6.925487 6.62862 6.79087
-1.13049 1.768599 1.54085
-2.954628 4.521966 -3.297155
-3.821738 0.143655 -0.201978
0.858099 0.941714 3.402394
-2.236781 1.330723 1.164515
-1.05496 -0.723986 2.151135
1.361043 1.079715 -5.491941
2.970909 2.951072 2.448826
-1.912809 2.148203 2.789975
-2.657301 -2.308414 1.632295
1.36385 0.423492 -2.039088
1.014025 0.020574 -0.313813
6.646122 -5.610476 4.360417
1.3907 0.024384 -2.448552
-1.727625 1.991917 1.351045
-0.797998 2.448951 -1.236273
1.123766 -0.237007 0.688286
-0.775605 1.061246 -3.086354
-1.738659 -2.233471 -1.026971
0.323083 3.497096 0.500892
-0.653912 0.375195 -0.754868
1.15639 -0.729186 -0.884552
0.755336 -0.865437 3.650078
1.027733 -1.119488 -1.193267
0.038679 -0.873175 0.699
-0.548798 -0.613424 -1.583936
-2.002295 -2.585598 -1.618111
2.791132 2.703684 2.182113
1.046851 -1.306882 0.247432
1.755231 -1.647237 -2.598342
-1.967712 1.835024 2.171749
-0.383247 0.341883 -0.497676
-0.731181 0.381977 1.032567
-1.431919 2.021769 -2.083333
-2.216735 -0.51515 -0.36675
4.719997 -1.798259 -1.410213
1.204238 -0.439819 1.67712
-2.083445 -0.840316 1.347209
-0.057219 -1.059521 -3.164772
1.87351 1.033214 2.632142
-0.054821 -1.655909 -0.212431
-0.008773 -3.619823 1.013181
2.565046 0.389098 -0.109942
-7.871372 -7.04619 5.83911
2.2502 -1.910054 1.342397
0.619431 -0.229492 0.037777
0.28624 2.076384 -0.822428
0.78003 -2.914721 -1.508681
0.003498 -0.977059 -0.19937
0.310586 -2.171117 0.722441
-2.583102 1.978875 1.421914
0.285977 -0.923555 -3.298732
-0.595117 0.386991 1.466325
3.141899 -3.125882 -3.695771
-2.110468 3.915782 0.784296
0.537482 1.189059 -0.611228
-2.970887 3.813108 3.975384
-5.368018 4.712818 -4.901903
-1.267878 1.212245 1.840991
1.17502 -2.183678 -1.764477
7.223786 6.317973 -6.623944
-0.07476 0.464727 1.231956
0.65456 -0.605214 -0.511142
-1.500751 2.175361 -1.954377
-0.894363 0.653165 -1.293881
1.869054 -0.441139 0.540698
8.985412 -9.366523 10.152616
-0.839048 3.444028 -2.193075
-2.419138 3.377745 2.409975
0.340104 -2.116444 1.008587
-1.215515 0.126277 -0.184779
0.061833 0.713028 -2.527134
-2.929046 1.569344 0.393958
0.281549 0.670638 1.913908
1.615358 -0.158967 0.556061
-0.721421 0.290066 0.666459
3.991574 -1.841817 2.412325
-3.402452 -3.594686 3.962813
1.629167 0.927086 -3.43496
-9.667014 9.993388 -10.188492
3.285382 3.334403 -3.072896
-1.011796 -0.541847 0.009249
3.459442 0.957442 -2.457643
0.222718 1.02707 2.136393
2.353675 -3.148854 1.938239
1.119411 0.31391 -0.213418
0.110649 -1.208203 1.954295
-0.784491 -0.42669 2.819819
-1.011127 -0.116681 0.472963
0.347142 -0.204223 -1.521777
-1.69611 0.342541 1.45566
2.282227 -2.303211 -1.416249
2.518295 -1.364257 0.189665
0.501557 -2.643756 -0.254599
-0.898649 2.662495 2.177578
-2.508166 1.330402 -1.837036
-1.223094 -1.834264 -1.305188
1.290456 0.935788 0.833967
0.021766 2.511709 -1.410018
2.036901 -3.452335 -1.131571
0.183341 0.245231 2.281118
-5.947017 -6.198158 6.467539
-1.74649 -1.888643 -2.020581
2.421594 -1.059591 -0.719742
-0.211011 -1.743637 -1.144488
1.140867 -0.377693 -0.832184
6.707947 4.606215 -4.198207
-2.592684 -1.355213 1.585593
0.925518 -3.257215 4.461064
0.596783 2.886139 0.796434
1.092475 -0.013097 -3.784169
2.325753 -0.582975 -1.229122
-1.062492 1.567376 1.395693
1.515342 0.970642 0.481185
-5.410351 -3.830853 -3.978787
4.782414 5.112234 4.773944
0.492251 -0.083657 -1.796664
-3.119824 3.878281 -2.963276
3.533371 -0.461339 0.629497
-2.70468 1.736676 -2.374893
1.011688 -1.475837 4.264392
-0.622417 1.450486 0.462324
0.530412 -1.319333 1.651429
1.038248 -1.230361 -3.290906
-0.079425 -0.099846 -0.920542
-0.034756 -0.843557 0.758093
0.293382 -0.786203 1.776017
-2.132027 -2.795143 2.748307
0.249994 0.428214 -0.84469
0.179962 -1.217904 -0.557056
3.133506 -2.536407 1.278624
-4.103952 0.542692 0.488935
-0.446998 0.341443 1.319521
-0.919268 1.278693 -0.330373
0.891077 0.846974 -1.020274
0.967919 1.301365 -0.717781
-0.598427 0.173748 -2.540389
0.385991 1.536936 -0.101532
0.521271 0.62918 0.573308
-5.117362 -3.89682 -4.763674
3.118089 4.766744 4.114481
-2.040922 1.235369 2.539066
2.376687 -3.056694 -1.970727
-0.752514 1.25135 3.362471
0.364529 1.092618 0.350461
1.363626 0.217494 -0.371908
-1.190774 0.578586 -1.430785
2.142036 -0.246084 0.288595
4.225645 -5.400862 -4.991218
2.555008 2.612299 -2.809804
1.769194 -2.930581 -1.842551
-1.277692 2.773552 0.416869
-3.766416 -3.433258 4.842584
-2.226554 1.500467 0.313941
-0.484928 -1.059757 2.708011
-0.116088 0.446451 0.933691
-1.495912 0.766574 -0.533132
2.173293 -0.46717 0.067629
-1.802211 -0.61481 0.111473
2.697396 -2.980084 1.681683
-0.54824 -0.688696 2.647229
-0.145886 -1.667002 -0.719138
1.122243 2.182984 0.516729
2.619625 -1.296898 1.1136
-0.736124 -1.925082 0.68006
-1.334563 -0.169506 0.948806
1.391964 0.327855 -0.915149
-1.035177 0.262943 1.983972
0.974796 -1.998034 -3.372618
-5.245368 3.331389 4.916793
0.831188 0.962358 0.079663
-0.610434 -1.329102 -0.862292
3.009815 -2.077266 -0.675854
-0.384549 -0.156055 -0.770737
0.995516 0.38084 -0.318614
0.055454 -0.380227 -0.52797
-5.326618 -1.655275 2.548521
0.639186 1.259976 -6.239856
3.115365 3.125496 3.913999
0.259283 -2.455779 1.014592
0.263124 -0.147601 1.098959
0.541073 -2.827676 0.67863
-0.045952 0.77529 1.67303
1.416891 0.499612 -0.821131
1.026631 -3.948343 -0.54952
1.656478 1.203684 -1.738604
3.166404 -3.034049 -2.611488
-0.5401 1.641652 1.39505
1.460929 -1.612902 -1.789757
-2.66217 -1.963412 -3.107744
2.231484 2.188446 -0.690481
0.112452 2.671945 1.026265
-4.00588 1.46871 -2.248692
-0.651067 1.545504 3.187215
0.589577 -2.035403 0.682943
-3.422628 3.49798 3.228907
0.284875 0.649511 -1.193869
-4.561654 1.288757 0.312738
2.027869 2.046053 1.878502
-0.495895 -0.129163 0.920267
1.12781 -0.00354 -0.05644
2.526348 3.078552 -4.939184
2.058608 0.67901 -1.0015
1.825093 -1.99701 2.890036
0.621343 -0.967613 -2.346803
-0.499732 -0.847019 -1.567631
-0.175652 1.841149 -3.820839
-1.230714 1.741933 2.82826
1.832335 -2.953957 -1.97273
2.98489 -2.171603 2.928365
-0.23322 -2.052034 0.139432
-1.840537 -1.5884 -0.899875
0.431827 1.779626 -4.539688
-1.408347 -0.572098 0.829294
-0.324245 0.505933 -1.075577
-0.04806 0.386382 0.211837
-2.199533 -1.564837 2.773508
-0.386771 0.795158 0.186662
-4.54579 4.239766 -3.509456
-0.442428 1.891659 0.411917
-0.48306 -0.021444 -0.5987
0.310896 0.547181 2.649226
1.909706 -1.953633 -2.935007
-0.55663 1.532485 1.13952
0.07161 -0.423136 1.533783
0.726764 0.177796 0.850351
-0.275918 -0.003346 -0.990767
-1.401015 -0.443657 0.079417
1.070219 0.958993 1.464922
0.411268 1.034235 -0.600236
-1.534224 0.732494 -1.18512
-2.907847 -2.717357 -1.860789
3.516825 1.192484 0.110304
-2.393235 1.503924 2.62879
-1.305322 2.466056 -0.784292
-1.437854 -1.732942 -1.816011
0.542345 -5.759068 1.735514
-3.503496 -0.150287 -0.228186
-0.140531 2.376439 1.513865
-1.81005 -0.338032 -1.219137
1.290493 -0.008157 -0.372444
3.142702 0.708654 -0.951521
2.724121 -3.357674 1.938955
1.683119 0.253173 -0.592195
-3.126466 0.114966 -0.03969
0.659112 -1.086283 -0.187468
-0.630047 -1.375231 1.042665
0.052753 1.005837 -0.435864
-1.28538 -1.118979 1.915366
1.156697 -0.141761 -1.64866
-0.343159 2.252155 -0.526491
0.849839 2.828844 0.745484
0.673914 -0.832968 -3.785895
1.901176 0.963625 -0.548192
-0.695038 -2.65997 0.533319
-4.445549 -2.945441 -2.828611
3.672166 2.811269 3.674421
-4.789535 3.575085 4.224396
-2.427173 -5.53031 1.643404
0.66315 0.653351 0.136628
2.042289 0.100882 0.687556
-1.214389 2.316581 1.538602
-4.781924 1.663985 -2.568243
1.613707 1.716761 -0.517541
0.166184 -3.469691 0.071842
3.309742 -4.218241 3.622899
0.590454 -1.773954 0.368767
-1.627909 3.072372 0.011791
0.582671 -0.052911 -1.585971
-0.880879 1.786409 0.453187
0.04604 0.459557 -0.766094
1.197184 -1.836096 1.660849
-1.916602 2.295031 -1.321013
-3.298678 0.007383 -2.282952
2.482693 3.010948 -0.095517
-1.23142 1.514375 1.542529
0.194822 -0.249995 -1.125277
-0.114712 0.0027 0.987458
-0.380264 -0.640577 0.465563
4.984471 -2.336638 2.50796
-0.672205 -1.221729 -0.498514
-1.304831 1.140586 0.351445
-1.205829 0.136051 0.91776
-2.291212 2.580321 2.956866
-0.326276 0.013065 0.259473
-2.563795 2.267366 1.111871
0.349285 -0.131674 -0.117838
-1.561392 -0.448673 -1.305549
-2.343031 -0.051119 2.305426
1.939423 0.89481 -0.9888
-1.294551 -0.848835 1.691547
-1.813387 -2.012506 -2.532707
0.219264 3.762489 -0.091687
2.817573 -3.999834 5.377319
-0.602831 0.415119 0.092215
-1.652835 -0.061192 -1.08559
2.023853 -2.319514 -0.922946
-0.624763 2.63981 0.997692
1.915678 -3.85902 -1.081103
2.479096 -1.012475 1.122257
1.036829 -0.185542 0.472587
-1.576966 1.45446 3.811235
1.45075 -2.033533 -2.543289
-1.890878 2.551767 1.886049
-0.390877 0.597385 -1.107191
-0.28683 -1.244996 -1.336072
0.573546 1.124197 1.065702
0.989225 -1.053356 0.070969
-2.527263 3.917781 -3.368281
1.472568 -0.851795 2.923552
1.935302 -2.312479 -2.934612
0.657055 1.321011 2.962385
0.323089 -0.724533 -1.630504
2.347088 3.43314 -2.125783
0.779328 0.028761 0.21056
-1.166365 -1.581807 -0.103528
0.337486 1.608253 -0.079826
-0.993508 -1.61598 -1.286053
-0.338575 1.769942 0.382354
1.529339 -1.961451 1.280972
0.231431 0.217255 -1.746976
-0.695258 -1.419501 -2.346206
0.468271 1.906864 2.070347
0.520573 -0.249111 0.808847
0.00227 -0.461139 -0.953778
4.876844 2.954861 -1.325499
-0.58597 0.310102 -0.514312
4.743805 5.050222 -4.680678
-0.811953 -0.180849 -4.591659
-2.259961 -3.376157 -1.718958
1.589125 2.103834 4.139814
-3.051875 3.019671 2.626651
0.076534 -0.830728 -1.047221
2.520865 0.528554 -1.005525
-1.163204 1.585864 -1.606365
2.208313 0.674512 0.894741
-0.578701 -2.909928 -0.302469
1.572344 -1.286118 1.918879
0.55361 -2.178644 -0.297225
2.905381 -3.262356 1.788994
-0.420789 -0.182307 -0.32904
-2.350124 1.210457 1.738963
-0.084018 -0.124362 -1.155787
-1.318828 0.156776 0.458863
-0.260932 -2.066455 1.320225
-0.785104 -1.845014 0.073407
2.431537 -0.725264 -2.569177
-0.480308 1.632726 1.131568
-0.327027 -3.382177 -0.367283
-2.451088 1.589041 -2.247621
0.180123 0.718788 0.072984
1.463637 -1.026588 0.230653
1.522448 -1.786756 1.780991
-0.913233 1.383979 -0.496876
0.401824 1.602087 -1.558097
-3.779377 -3.702497 4.399244
-1.187858 0.540549 2.505978
-1.390738 -0.250108 2.025113
0.937246 1.879924 0.685219
-0.805982 0.787942 -1.319669
0.687383 0.703785 0.043119
0.364609 -0.891292 0.397712
-0.437858 -1.901575 -1.577783
2.181454 1.77614 1.309879
-0.077848 -3.572991 -0.322481
5.057971 -3.519746 -2.724931
-2.041025 -4.386572 -2.896573
4.295762 3.790971 3.976848
-2.046596 -1.755134 -1.763459
-0.923769 1.398012 0.095375
-0.062894 3.612035 0.067783
1.435486 -1.457901 -3.638624
-2.146388 -0.463511 -0.965253
3.213149 -0.904812 -0.84629
1.258423 -1.152283 1.618206
-2.916453 -1.409172 0.544833
6.825293 6.520002 -6.288392
-0.618055 -0.86134 -2.504631
1.746359 -0.78998 -0.325002
0.178049 0.002551 -0.250677
1.490054 2.613632 -2.68275
1.187974 -1.801276 -0.468774
0.034164 0.123097 0.269137
-0.296582 -1.019357 -0.49518
-0.786743 -1.650474 -0.771579
2.255148 0.264283 0.268051
-4.742104 5.451628 5.304393
0.364217 -3.617718 -0.13571
0.955168 -1.165873 1.069302
0.180885 -0.677903 0.384244
-2.1491 -2.089858 -1.951458
-0.528156 1.165684 3.049098
1.130954 -1.666367 -0.449263
1.194422 0.351583 1.266956
-2.732641 -1.188764 -1.680229
3.486395 2.947996 3.105268
-0.778291 2.974068 -0.212965
0.505472 -1.259182 0.522508
4.164876 2.709208 -2.861456
-0.409668 1.739178 -0.7525
-0.879183 -3.011478 -1.464763
1.694554 -0.434615 1.852721
-0.313173 0.946388 0.322054
-0.376282 0.961415 0.435111
-0.869597 -1.841113 0.797107
0.872615 1.023275 -0.055769
0.959627 1.91473 1.4044
-1.998541 -0.069453 -1.575881
-1.472163 -3.704609 -0.07478
1.854086 2.020191 3.595815
-0.58826 -2.278006 0.927353
2.204159 -0.125019 1.225392
-2.644757 -2.15867 -4.185806
-0.000408 5.119086 0.036463
2.18493 -0.413466 2.563407
-2.175775 -2.476972 1.513917
1.767133 -1.316432 2.117834
-1.865995 -1.72355 0.582306
-3.225259 -1.460807 -1.523169
0.476194 3.256631 1.133726
0.305907 1.852634 -2.274137
0.351975 -1.668899 0.483832
-2.463808 2.271049 4.243751
0.762531 0.550291 -2.080487
3.010935 4.173242 -3.924212
0.510576 -1.569944 0.428787
1.006455 -1.358872 1.572422
-1.205206 1.233005 -1.20716
-2.954571 2.181091 2.489004
-5.43114 0.755247 -0.75235
-5.814207 5.960306 4.631054
1.444446 -1.117119 0.052518
-1.24848 -0.155368 1.29347
-3.45314 -2.326934 3.058763
0.830854 2.266156 -0.446908
1.533864 -4.122067 -2.552959
-0.675605 -1.19765 -1.44228
0.307479 1.403994 0.813752
1.06979 0.964222 -2.339679
1.715807 0.456132 1.306269
-2.9056 -1.34983 -0.57583
0.793547 -0.354348 2.132062
-1.259292 1.221048 0.362942
1.088183 -2.350985 -2.12201
-3.242198 1.131165 1.595876
-1.245043 1.605968 0.072723
-0.10008 0.90411 -1.32379
-1.275573 -1.041458 2.973155
-0.183656 0.378176 -0.986321
-1.897038 -0.296605 0.036439
0.298266 0.302576 -2.946244
0.985704 0.053098 1.643442
0.938646 0.179085 -2.082179
0.33733 1.788463 -0.755787
0.385452 1.287928 0.65151
-3.891291 -3.210056 -1.677603
1.514517 1.140758 -1.824992
2.686394 -1.674939 -1.493947
2.769433 1.846855 -3.599967
-3.137834 4.549043 -2.907134
1.020389 0.164344 -0.171055
2.225694 -0.52055 -2.283911
0.461365 0.345307 0.313389
1.571312 -1.807435 -2.844428
-2.610501 1.430792 1.923577
1.142297 -0.862911 -1.201625
0.911419 0.218067 -1.112794
0.045406 1.217415 0.649332
-0.163674 -1.053871 -0.004994
-0.261492 0.822593 -0.083777
-0.064839 -0.211575 2.65796
-0.555504 -1.151117 -0.052158
-0.559987 0.176149 1.127508
5.147089 -4.368282 -7.258483
-0.225817 -0.619534 -1.277945
-1.025366 3.094332 0.124908
0.950507 1.792842 -0.058223
-0.728856 -0.620466 0.534075
2.164944 1.234948 0.177454
0.834642 -1.256143 -2.509768
1.718483 -1.343946 3.935954
-2.929352 0.51116 -0.748138
-1.889347 1.845785 1.490219
0.255542 -0.319405 0.297837
0.766198 -1.992885 1.518792
-0.285181 -0.468685 -0.444123
-1.603402 3.484643 1.442148
0.673539 -0.041828 -1.287763
0.609353 0.392766 0.308084
2.161351 -3.279395 -2.786942
-0.411671 -1.261567 -0.898774
1.273477 -0.760039 1.227068
-0.029212 -3.176459 1.154122
1.961115 0.844275 0.066471
1.776717 0.03539 0.331451
-0.165766 -1.111876 -0.837971
2.626756 -2.796136 4.672304
-3.724497 -2.442177 0.523114
1.334514 1.060365 -2.077123
0.845103 -0.709751 -0.97712
-0.407773 0.586145 -0.64663
-1.405105 2.225626 -1.735898
-0.244849 0.540863 0.610862
1.991334 -0.06697 -0.587158
0.628982 -0.523327 -0.504234
1.514628 0.256661 -2.320035
-1.135048 2.17713 1.1866
-2.691389 0.928934 -0.669987
-0.230769 -0.159422 3.872719
-1.240943 -0.22847 -0.524917
-1.864376 2.187772 1.954897
-0.107506 -0.487716 -1.087012
0.584874 -0.278078 1.176727
1.593681 -1.213398 -0.094306
1.507786 0.717393 -0.3251
0.699881 0.224154 -0.407039
-1.707751 -4.462629 -3.025606
4.215139 2.446155 3.353805
0.835677 2.516634 -2.201824
1.502472 0.140038 1.036687
0.198667 -1.93738 -0.732718
-0.127667 -0.178039 1.965984
2.271545 3.63541 -3.417106
-6.139197 -5.629403 5.906005
-0.557481 1.634035 0.17927
-3.474356 -4.490247 3.736239
-2.012136 0.409953 -0.384795
-1.061292 3.127884 -1.820246
-0.235159 -0.797141 0.764441
0.254007 -0.092433 -2.228063
2.0988 -3.509929 2.125223
0.583445 1.883524 -0.115905
-0.267141 -0.76014 1.043338
-1.741253 -0.767814 0.675643
1.983218 -0.565446 4.50283
-4.278972 4.617962 -4.205728
0.235302 -0.893823 0.075741
2.328254 -2.054762 -1.303663
4.14888 -3.241445 4.182196
-1.20664 0.102262 -1.289592
0.952325 -2.564617 1.274921
-1.647915 1.116242 -0.63357
-2.790677 2.882492 2.641157
-0.862612 -0.910186 -0.902689
0.293931 1.476886 -0.45828
-2.772173 -1.976411 0.519423
2.797948 1.544515 -0.709641
-1.658091 1.163969 -1.713351
-0.468403 0.43334 -0.038914
0.50089 0.545331 1.343932
0.643188 -1.711808 1.424692
0.785593 1.35327 0.395862
-0.689382 -0.927142 -1.177392
2.67087 -0.75301 -0.195299
-0.878017 -0.136396 -0.501653
-1.702776 3.238798 -1.454931
0.850369 -2.615699 1.474241
-1.046715 0.125339 -1.557438
-2.337111 -0.123882 0.213482
-2.203535 -1.616421 3.545211
1.568394 0.121424 -0.717742
-2.279 -0.463894 0.532179
-0.448616 -0.624328 -0.377157
0.831732 0.169224 -0.890981
3.00193 2.901843 -3.037381
-2.142855 1.230039 -1.855119
1.952369 1.629234 3.370618
-1.106749 0.504178 -3.041683
2.998733 3.017722 3.494892
0.250736 -0.088264 -4.378288
2.666926 2.337638 1.362371
-0.525887 -0.394858 -1.732974
-0.619968 0.931521 0.859297
0.570463 -1.374583 1.814586
0.489259 0.358271 -0.756092
-1.514797 1.092143 2.221529
-1.052947 -2.087166 1.267066
2.557947 -1.564152 1.28525
-1.925904 2.799981 -1.753968
4.969247 4.604269 -6.267847
-1.705719 1.438762 0.491633
-3.343504 -4.471915 -5.758095
5.961022 1.195231 2.536681
-2.180444 -1.920446 -3.670054
2.057191 2.246198 3.847088
0.347376 -1.733028 0.863135
-1.139677 2.423083 -1.92497
-3.047268 -2.415724 -4.796564
3.474048 2.844731 2.699841
-0.904998 -4.031513 -1.959658
3.392054 4.831042 2.848314
-1.518881 -0.344948 0.608334
4.355254 -4.375738 -5.659999
-3.88067 5.569564 2.389236
-1.989352 1.64815 0.456512
-0.733583 -0.718714 1.553622
0.494747 -1.986641 0.340281
-0.316837 -0.188545 0.320396
-1.995778 0.955119 0.226482
1.487069 2.50177 -1.641889
-1.684428 -1.313731 0.324598
1.137488 -0.081122 -0.591608
1.913867 -2.184264 -4.32371
-2.611983 2.652644 3.354075
-0.669364 1.599054 -0.03879
1.01966 -0.022355 2.004803
-3.147397 1.154211 -1.006049
1.378065 -0.104834 -0.93387
-2.076101 1.19604 -1.343298
-1.056245 -0.461682 -0.575755
0.487239 1.030543 0.453154
1.704166 -2.38563 1.270323
-0.193745 0.150727 -0.840567
1.763841 -1.934272 0.672408
-3.30866 1.115125 -0.363883
1.070603 -0.236218 0.939877
-2.005081 -2.826507 1.595696
1.679276 -0.666703 1.408495
1.62668 -1.731666 -0.32831
2.114815 0.971984 -1.76161
-6.356127 -0.458736 0.380258
1.304787 3.392682 -0.939087
-1.899656 -2.199691 1.432637
0.876249 0.756858 -0.732854
-3.173292 -2.733063 2.859181
3.507047 -5.116759 3.182062
-4.848939 -5.157923 4.836124
0.455185 0.086845 -0.887599
1.585397 -2.212295 -0.832745
2.407383 2.685864 -3.735867
0.266774 0.602986 0.607829
-2.793665 4.21736 2.743008
0.425325 -1.050503 -2.006328
-2.000538 1.996017 2.33388
0.432488 -2.97741 -0.734081
2.357395 -1.716129 1.330075
-0.806418 -1.088218 -0.877159
-1.120861 3.118971 0.9613
-0.764805 -1.574208 1.709729
0.367017 0.497182 -1.287079
-0.746462 -0.03756 0.521127
0.678056 1.048596 1.071024
-2.16375 -0.273461 -0.150628
1.199205 -1.730506 0.707846
-1.657123 1.213252 0.309953
-0.037968 1.576437 -0.6102
-1.749428 -0.432207 -0.535892
-0.297128 0.175972 1.796914
0.500177 -2.790468 -0.621663
-2.264138 0.751023 -1.032035
1.593112 1.205463 1.134448
-1.150959 -0.144745 -2.635154
1.201193 1.730023 1.975671
2.820091 0.4948 -0.731294
-0.663264 -0.83899 -1.284141
0.244393 1.907698 3.309172
-2.008524 1.489742 -1.891742
2.147427 -0.224786 0.312188
0.34327 -1.002418 -0.831297
0.609988 -0.741469 2.423297
0.835843 0.189211 -1.582124
-1.779155 -1.867181 -1.323839
-3.819585 -3.143049 5.293081
-2.667566 -1.582216 -1.386652
0.776178 2.799525 2.066512
2.393514 -0.43705 -0.137262
-0.480818 -0.387221 -0.718387
-0.298771 -0.182964 0.575599
1.153505 0.668232 -0.895884
-2.740241 -3.561221 -3.039905
1.400033 2.456912 3.804974
2.534199 1.704162 -1.568054
-2.442363 2.494174 -2.472537
2.11986 -3.250665 2.408874
-1.538002 1.511467 -0.211393
1.291914 -1.617976 2.393144
0.20496 0.394913 -0.288728
-0.606805 -0.229058 1.864822
-0.081273 0.484846 -0.382424
-0.095765 -0.655956 0.361923
-1.520242 -0.387304 0.345989
1.117023 -1.632409 2.346858
-0.329712 0.266542 -1.078122
0.350135 -0.87008 -0.083445
0.258846 0.263538 0.744535
0.518798 -1.259791 -0.9378
2.526093 -0.260723 0.537466
1.364404 0.364727 0.379244
-0.43748 0.043954 -0.383418
2.357122 3.530158 -3.832424
-0.301096 1.523172 -1.803787
1.292592 0.189431 -0.960391
-0.550881 -2.627862 0.529518
-1.091047 -3.38848 -1.101466
2.569965 2.470643 2.942396
2.982311 -1.901763 3.039728
-0.328643 -1.07466 0.310919
-0.90532 0.729025 -1.120699
2.918649 -2.468102 -0.59234
-1.540852 -1.989673 -2.339423
2.873835 2.372727 1.663151
1.757674 1.077551 1.849393
-1.478658 -2.145162 1.576024
-0.033887 0.333956 -1.657833
1.635809 0.513745 -0.074141
0.023395 1.672455 0.015796
-1.215171 0.500767 -2.360066
-0.376499 0.345442 1.131166
0.5536 1.284632 -1.078566
-1.020379 0.373467 0.825446
-0.67506 -3.545663 1.27727
-1.590914 0.782857 1.615284
0.066434 -0.399154 0.232743
2.031954 -0.767198 1.70852
0.948731 -2.143629 -1.602174
0.219854 0.800125 -0.90307
-1.422612 -2.370573 1.188839
-0.587358 1.603557 -0.022405
0.352868 0.384449 -0.214885
1.450841 1.386937 -0.00984
-2.347756 -2.233503 2.10163
-0.925515 -1.595823 -1.538233
-0.582271 2.865115 0.428224
-9.517271 -6.327303 -5.437565
6.680665 7.636704 8.426584
1.368574 2.53888 -1.443842
-3.063951 0.692891 -0.78563
1.87211 2.188541 -1.583114
-2.915828 2.386569 -1.420155
-0.809443 -1.542883 -0.773355
-1.376741 -2.315748 3.109124
1.246788 -1.193301 3.661083
-0.094431 0.201728 -1.317774
1.898251 -1.873706 1.781169
1.570563 -2.140162 -2.644922
0.062463 0.770757 -3.216105
0.894781 1.682333 2.227722
0.750264 -1.67989 0.254673
-2.614094 0.282348 -0.083876
-0.221286 -0.802324 -1.382031
-0.444629 -1.295138 2.350225
-3.81868 -3.066605 -3.84425
4.653112 2.77407 2.906308
-2.462384 0.198409 0.681054
1.807129 0.998045 0.032974
-1.435133 -0.719542 -0.029046
2.275101 -0.858979 -0.022744
0.505997 0.148757 0.899102
7.14973 -8.569472 -7.931903
0.840668 -0.928137 1.062839
-1.115349 -1.055265 0.60674
3.673648 2.29411 -5.459161
1.259513 4.411687 0.629637
-1.989514 -2.073903 -2.058307
1.809572 0.484931 1.74194
0.518987 2.632125 1.7555
1.487867 0.247476 -0.452181
-8.028495 8.320072 7.805808
-0.236091 -1.306286 1.706185
1.012175 1.354691 -0.401481
-0.619338 -0.813386 0.520256
2.059097 2.016213 -2.606553
-0.687694 -1.183694 0.207398
0.034362 2.852709 -0.241039
1.718444 -3.905641 -1.957004
3.46846 -3.53928 3.150616
-3.956967 -0.462359 0.431197
-0.091087 -0.371146 -0.985222
0.094644 2.295114 -0.173182
-1.022533 -0.753637 -1.687766
1.615887 0.49102 0.24437
1.059427 -0.307477 0.329899
0.939719 0.23119 -0.208801
-2.323839 1.403511 3.105282
-1.624288 1.971077 -6.08353
-2.036136 1.314705 1.800475
2.238447 -1.73649 -2.248722
-3.029129 2.291412 2.667472
-1.587197 1.967039 -5.411051
-0.312256 0.606201 -0.980533
0.283372 1.416545 -1.056656
0.013558 -0.251946 0.550005
-0.318491 -1.676229 0.010521
-0.711061 -0.728951 -0.227333
-4.375647 -4.206819 -3.927746
3.138442 2.380674 4.887465
2.391952 -4.105188 2.819632
1.707358 -0.414655 -0.717776
0.012061 0.669346 0.536175
0.773918 -1.95103 -2.782012
0.430772 2.667734 -0.478633
-7.856058 5.591961 -6.557349
1.260965 -1.309335 0.561304
1.972912 -1.13357 -0.9496
-1.080402 -0.605167 1.932525
2.890498 -1.823183 -2.745963
-1.684651 1.087068 0.121026
-0.020512 0.82243 -0.222928
-4.753299 -0.222774 -0.373734
0.555289 2.4947 2.241414
-0.972982 2.335332 -0.31619
2.615527 -2.44769 -2.292661
-3.770657 0.654053 0.596394
4.232213 -0.896991 -0.367091
-0.31977 0.258142 0.308861
-2.444773 -0.083081 -1.694592
-4.038618 -3.893333 -2.879784
3.131233 2.01655 3.951828
-1.171417 -0.193445 1.933501
2.003321 1.388537 1.800473
-0.494546 -0.502538 0.195038
-0.797553 -0.863209 0.345553
0.307579 -0.4046 -0.16583
-2.260025 2.62643 -1.702077
-0.980788 -0.819907 -0.300084
-0.943494 2.06424 -2.895686
0.378382 1.65566 -1.161284
1.048992 -1.365296 -0.235363
-1.907345 1.192563 2.347067
-0.339015 0.197456 -4.517038
-2.184007 -2.27683 -1.326051
0.648036 0.697582 3.796868
0.559629 -0.921584 -1.706368
0.514689 0.452896 1.373797
-2.507063 2.057205 1.945419
0.798656 0.199516 -0.866056
-1.407097 -1.128339 -0.904947
1.733164 -0.138569 0.978755
-1.836255 0.460205 0.77492
0.968979 0.468386 -0.850752
2.306707 -2.813183 2.18814
-3.959461 1.13685 -1.161611
-0.299371 0.789812 1.087571
-0.216611 1.688049 -0.205795
2.331103 -3.280366 1.750185
-0.285362 1.460213 0.397609
-3.127972 -3.008034 -3.172942
4.328317 2.654537 3.557165
-0.234117 -1.922421 1.706786
0.985076 1.605136 -0.143109
0.947793 1.238237 -0.864917
-1.016174 0.206217 -0.640508
1.686111 -0.239999 0.760021
-0.033912 -1.641996 -1.031109
-1.288016 -2.485813 -1.112897
1.94343 1.91681 2.275597
-0.280968 0.145094 0.751328
-5.279618 -0.529892 -1.230243
0.338774 0.455534 2.311441
-0.95078 0.713413 -0.322593
-1.066321 -1.825787 0.400495
-0.88615 2.905788 -0.53774
-0.120025 -1.791148 -1.234539
2.750489 0.131224 1.204243
0.732994 -0.630061 -1.28887
-0.945603 -0.027914 1.572916
1.645464 -3.508498 2.006609
-0.082059 -0.506674 1.704286
6.026316 -6.786665 4.444024
2.560275 2.117316 2.337198
-4.240606 -4.209265 -4.071926
3.11424 3.342372 5.060264
1.12922 1.588202 0.012939
-2.51909 -3.326968 1.776184
3.157225 3.112422 -2.556751
-1.697883 -1.496647 0.257215
1.081435 0.819951 0.905863
0.317436 0.078871 -0.372017
0.241056 -1.412229 0.343308
-4.621925 4.065112 -5.297379
1.010798 1.873943 -1.874477
0.066525 -2.021586 -0.278198
2.074833 0.925832 -1.046313
-0.413163 -2.087779 0.920233
-0.028145 1.906719 -1.345476
0.826003 -0.879333 0.021831
0.119514 -0.092989 -0.472101
-0.191351 -0.285282 0.121333
0.244247 1.54099 0.159609
0.582199 -0.211742 -1.937568
-0.838174 -0.168577 1.453918
0.758751 1.660949 0.038639
2.594458 -3.890847 2.360984
-1.313803 0.690268 -0.887163
-2.131789 -0.536748 0.322236
0.79956 -1.748779 -0.034899
-1.36311 -2.975887 -0.825233
0.938782 2.37515 0.949993
1.656871 -1.923563 -0.138192
-3.801612 1.437167 -1.384676
1.901666 1.479981 -1.613243
-2.359764 1.624036 0.484967
1.70662 -2.975996 3.821173
-0.693945 1.737666 -0.851724
0.540153 0.830224 -0.498177
0.682121 -0.03851 0.892214
-0.097587 -0.009858 -2.657481
0.456146 2.135103 0.881568
2.668777 -3.310044 3.103805
-2.242462 -3.789985 1.755509
-0.251658 1.089921 1.034395
-1.069489 0.820583 -1.042482
-0.86747 -3.580161 -1.420397
1.804341 1.92133 1.685085
-3.586771 -0.05648 0.180451
1.002689 0.048084 1.079087
-0.437617 0.659302 0.24906
-2.576782 3.478996 -3.459282
1.026086 0.45972 0.070475
-1.918513 0.593169 -1.689851
1.745817 -0.489733 2.189738
-2.54066 -0.399677 0.232238
-0.30376 0.533812 0.147998
-1.340242 -0.58229 0.526676
2.330746 -4.924434 2.528281
1.53738 1.02593 1.008131
-0.076163 1.196831 -0.396263
-0.804629 -1.8679 0.966814
3.782031 -2.349092 2.392854
0.119683 0.244817 1.097883
1.800729 2.556197 -2.126973
0.127299 -2.069002 -0.222619
-1.119385 -1.053368 -0.635662
-1.117149 3.488106 -0.487434
2.964485 4.353882 -3.595928
0.026201 -1.526222 -0.849836
-2.976857 -1.757349 -2.330335
2.274989 3.062625 2.551119
-0.997411 3.929292 1.523869
-1.806332 0.023926 -1.87147
-0.188373 1.537117 0.557766
3.01302 -3.346251 -3.96407
3.434849 0.029475 -1.6651
-0.0678 2.235506 -0.417356
2.168127 -0.001261 1.354022
-4.051695 2.562075 -2.941242
-0.440519 0.414691 0.12956
2.419429 -1.643623 -2.980068
-1.540213 3.369657 1.936375
-1.470505 -0.859325 0.570427
-1.126472 -0.523928 -0.245277
2.031144 0.890751 0.775647
-0.579456 -1.815028 0.293686
0.538333 -1.889322 -0.662991
5.525333 -5.167378 5.875699
-1.964428 0.565899 -0.46037
1.183234 -1.338588 -0.373426
-3.520708 0.354025 1.010741
0.790999 0.74972 -0.20307
1.411616 -0.565299 0.854368
-1.749615 -1.939865 -2.702801
4.281311 0.567143 0.964708
4.190623 1.961406 -1.828909
-5.003886 -1.668879 0.121561
1.437398 -1.310449 -0.4581
1.307237 0.63079 0.377641
-0.141206 -3.508683 0.197553
2.720291 3.040525 1.732625
2.31153 2.959131 -4.099103
-0.339614 -0.054106 1.836351
-3.444304 4.079459 2.598285
1.760723 -0.396767 -0.289524
-4.231353 -3.454881 -3.633533
2.686186 3.640665 3.323054
-1.994729 2.933558 1.9946
0.565494 0.307734 -0.956338
-1.781882 -2.76793 -1.762543
1.628899 0.255894 2.265901
-0.342795 -2.798914 -0.797775
0.156576 0.370378 2.142862
-0.374463 -1.114529 -0.213296
-0.348447 -0.19347 1.006712
0.283946 3.122165 -0.232846
-1.660027 1.357612 -0.825194
2.415625 0.30702 -0.465781
-1.152034 -1.264453 -0.152124
-0.010354 0.941029 -0.532041
-1.528238 -1.370772 2.10742
0.415833 -1.695766 -1.246516
-2.343697 -0.303264 1.963388
1.323673 1.224696 -0.541955
-1.519954 0.473702 0.120425
-0.462683 0.73488 -1.868653
-1.407839 3.51535 -1.271241
-0.922864 -2.789716 -1.320632
2.74826 1.48236 2.142937
0.003175 1.754268 -0.7226
-1.05142 1.737258 -2.148454
0.163732 0.621959 0.590674
-3.201952 1.803401 -1.879297
2.707204 -1.733933 1.15695
-1.570598 0.622404 -0.655468
-0.520161 0.750616 0.16285
0.394095 0.519554 -2.098667
-1.160355 1.319327 1.022313
2.167019 -3.665302 -1.638592
1.168375 0.40989 1.892533
-0.139926 0.801345 -1.668907
-1.484617 -5.277594 -1.797782
3.062592 2.180918 3.142268
1.118565 -0.236537 0.644158
-1.81579 -3.91223 -2.143864
2.879769 3.009196 2.408245
-0.825307 -1.836609 -6.980321
5.044129 3.934375 3.168584
2.163628 -0.245754 -0.446969
-1.596322 -1.001357 1.392326
-4.467941 -0.832585 -0.358514
1.746736 1.239816 2.460079
-0.266261 0.598693 -1.845381
-3.431285 -3.97343 4.905311
-0.124458 1.711963 -0.135085
-0.599681 -0.424482 -0.929049
4.659806 5.191546 -6.679649
0.186698 0.723842 3.048872
4.464926 3.923092 -3.846288
-0.8828 -1.50169 0.074062
2.996752 -5.116016 1.73334
1.26146 1.910555 0.877215
-0.423799 0.762768 0.785033
1.280754 -3.457216 -1.371991
0.467451 0.209547 -0.721581
2.072277 -2.880311 -1.916762
1.87511 -0.954907 0.869717
1.814113 -2.062399 -3.156441
-2.648467 1.00039 1.428857
-7.182787 9.454469 -8.806621
-0.483235 -0.100996 0.962427
-0.84548 -0.342155 -1.175351
7.050849 -9.02873 10.369791
0.330645 1.769004 0.084968
0.814706 -1.360834 0.562832
-2.040713 -1.310534 1.502831
-4.427708 -5.753115 -4.306578
4.909681 5.557543 3.900457
-2.001118 0.321183 -0.85787
1.475334 0.810087 0.417399
0.330455 0.889303 1.233598
1.646199 -3.221463 -2.270732
0.745804 -1.036396 1.135344
-0.979147 -0.425716 -0.777029
-0.318374 0.493578 0.777981
0.129138 -0.963723 -0.073981
2.124784 1.59739 -1.899691
-1.49022 1.681947 -0.165576
-1.016303 3.094494 1.085578
-1.363984 2.092016 -1.885563
-2.434001 2.104582 1.813166
-3.3722 2.415953 -4.101554
-3.374994 -6.057629 -2.128774
4.207747 1.82995 4.242007
0.37084 1.179765 0.830925
-1.401533 -1.546687 0.579719
1.378831 1.215616 0.318647
-0.087059 -1.459162 -1.31824
-1.482916 3.100711 0.732903
-1.371114 1.07685 -0.377354
-2.1712 -1.082881 -3.065676
-0.582955 0.211766 4.193052
1.170961 0.672119 -0.064057
-6.580754 -6.199261 5.339944
-0.001493 -0.851091 0.560666
-1.113059 0.647542 0.233844
2.12978 3.079906 -2.555327
-0.414335 -0.021407 1.092218
-1.722168 -1.172502 -0.026085
-0.972289 1.539774 0.641478
0.488281 -1.521334 -0.115264
0.238842 0.393427 2.272573
-0.774173 -0.501722 0.384183
2.514676 -2.001829 -1.334238
0.511507 0.168268 -1.091852
-0.59985 0.822116 0.688999
-1.321416 2.237927 2.057302
-2.010274 1.376445 -2.412525
1.277947 1.450055 -0.326516
1.290577 -1.185603 -0.349041
-3.204419 3.349151 5.305635
0.320196 0.423006 0.610804
0.789549 -1.575684 0.447023
1.806677 -2.901291 -1.020788
-1.343604 -1.117903 -2.885658
-1.188048 2.505442 0.881342
1.812992 0.976734 -0.954042
-3.195528 -2.536254 2.881881
0.82188 -1.890363 2.762404
-1.277404 1.347772 0.116353
0.450128 1.792789 -1.634443
-0.255178 -1.810466 -2.319417
-1.942579 -1.26001 -3.005692
1.658422 1.280693 1.772089
-0.435913 1.621063 1.354451
-0.749683 0.04114 -1.686877
8.146773 7.049052 -7.423697
-1.393734 -0.679205 0.854428
-0.684205 -0.953522 -2.744593
-1.455166 0.098022 1.477967
2.061175 -0.929728 1.286158
4.080692 -4.294177 -4.549229
-4.285445 3.948851 4.933888
-0.437492 -1.358378 -0.224609
-4.79932 -0.613059 -0.145838
2.684287 2.340015 3.005199
1.068716 -1.370203 0.602136
-2.015832 1.589094 -1.153994
0.83612 0.743085 -0.242437
-2.698636 -2.506493 -1.079544
-0.046686 0.52151 0.638466
0.472859 -1.75307 0.148986
-0.139912 1.92714 -0.950152
0.047663 0.251642 2.740407
1.020216 1.644104 -1.258824
-1.51155 -1.531482 0.885857
-0.618743 -0.454104 -0.831908
-3.465262 -2.801469 3.82032
3.173979 -5.317469 3.017996
-0.454407 0.447197 2.47148
-1.686314 -0.485005 -0.932259
-0.689663 2.269622 0.838931
3.633272 3.897543 -3.799541
0.757515 -0.74414 -0.294832
2.047595 2.018891 -2.300108
0.300764 -1.34082 -3.875579
-2.468188 2.762476 4.070801
0.582288 -0.643533 -0.799504
3.157531 -2.332288 1.761643
-0.030539 0.560664 -3.422186
0.289933 -1.031141 -1.842503
4.388041 -3.491978 -3.20489
0.270645 1.290642 0.367545
2.084043 -1.984169 -2.1232
-3.121552 -1.229186 -1.225854
3.553189 3.039336 2.783237
-0.36455 1.562446 -1.006289
1.808168 -0.625194 -0.604888
-2.059367 1.643601 1.96943
0.667777 -0.232574 -1.268434
-0.585735 -0.35695 -0.328564
4.650541 -2.522463 -1.847402
-1.902231 2.830646 3.954
-6.238537 -7.874383 5.850017
-0.976977 0.460476 -2.42028
-1.679019 -0.867258 3.971202
-1.399214 1.70676 0.227632
-0.682603 -2.603507 1.131099
-0.678563 1.161103 1.214405
-0.794963 0.75246 -1.886537
-0.609812 -0.000817 -0.280655
-1.236911 1.225533 -0.119415
1.852684 -0.087445 0.644214
-3.170446 -4.133869 2.804531
-1.949578 -0.010709 0.574928
0.054845 1.652705 1.064159
1.048267 -0.25995 0.834428
-0.626338 -0.367092 -0.749569
0.938486 -1.114632 0.798316
-0.192141 -0.623718 1.700582
-2.73675 -0.811186 0.154475
-1.694114 3.045231 -2.110805
0.669085 -0.53644 -0.350417
2.754464 -2.439217 -1.216003
0.86119 1.689596 1.090906
0.332366 -0.461788 -1.060928
-0.56873 -1.914923 -0.793987
2.65985 0.351094 1.440291
-0.09186 -0.01998 0.730776
-0.118591 -0.487896 -2.236076
-3.000686 -0.745918 -1.339614
3.933784 -0.407062 -0.575979
-0.026637 0.220937 0.332094
1.885971 0.547666 0.820028
0.461862 -1.396209 1.338203
1.316836 -1.062277 -1.322793
0.179811 0.014141 -1.048998
-0.360148 1.738937 -1.444202
-2.047428 -2.326686 -2.072639
3.379913 0.644715 0.786722
0.190493 -0.061118 -2.248224
-0.152546 2.016897 0.277857
2.809076 0.726981 -0.551818
-2.140772 -2.587866 1.798261
-1.414754 2.761311 3.342232
1.51923 -2.500215 -2.320483
-2.43358 -2.958369 -2.072902
1.342033 1.768282 4.041498
2.425709 2.303326 -2.20932
0.042934 -0.50969 -0.894873
-2.040981 -1.397067 -2.419418
2.024904 2.53236 2.981375
-1.81478 2.508188 1.976116
-1.475813 -1.802077 2.066944
-2.752601 1.970248 1.79615
3.078007 -1.951099 -3.227931
-2.794376 -3.206595 -3.32175
2.329948 2.364275 3.444371
-0.435455 -0.722594 0.791321
-1.842321 1.781449 -1.333156
-1.312303 -0.173194 0.319775
3.370903 -1.774288 -1.536377
-0.411425 1.350907 -0.442806
-0.253146 0.923602 0.41933
-2.301789 -2.981085 -1.87756
1.940036 2.130014 5.504686
-0.831712 0.192561 0.672741
1.544068 -1.061331 -2.293316
0.25407 -0.770922 -3.855207
2.141847 1.058005 1.376741
1.461147 3.223016 1.567028
-0.024903 -1.469844 -0.773536
-0.696439 -0.438162 -0.353698
0.248246 -0.441246 1.294777
2.653541 2.954598 -3.115832
0.713408 -0.819598 -0.784939
-2.830513 3.91362 2.356761
-0.83544 -0.131243 -3.083578
0.464662 0.548248 0.877777
-0.387752 1.305239 -0.894204
1.210798 1.510682 2.302915
4.149365 3.140202 -5.088035
3.494531 -2.603634 -3.092179
-1.655681 4.434699 2.29071
0.393832 -0.911264 0.021105
4.206486 3.281881 -1.930709
0.117006 -1.201532 -0.424709
1.59073 0.528486 1.05456
-2.232553 -2.051521 1.363656
1.130009 0.522817 -2.107229
-0.987578 -0.488755 1.436364
2.070674 0.038115 0.470606
-1.258781 0.152224 -1.593064
-2.738029 -1.867146 -1.812688
-0.143795 2.063279 1.075208
-1.058191 0.1971 -1.943647
-0.959613 3.30381 -1.100399
1.78235 -1.913333 1.911187
0.535374 -1.652397 -0.179114
0.438457 1.32741 1.239347
2.066471 -2.742642 -4.776756
-5.167319 4.319054 5.202632
-2.928437 0.014773 -1.003598
0.931145 -0.052744 0.29985
0.872093 -2.335827 -1.615462
-3.875735 2.063892 0.638238
0.924765 2.655263 -0.310628
0.271787 -1.412702 1.188798
-1.837248 -2.586 3.122186
1.637788 -1.586662 0.525005
-1.411526 -0.023654 0.951748
0.148792 -0.155413 1.783304
-4.826721 -2.323369 2.570589
-0.381658 0.361605 -1.015827
0.679771 0.285647 -0.388067
0.510558 1.042333 0.626564
-3.913664 -3.779669 3.978613
0.077659 -0.116409 1.56356
-0.607647 0.293562 0.163263
-2.53752 -1.656103 -3.111482
1.173329 4.007017 1.526277
3.396574 3.061343 -2.68242
-6.689095 -5.951576 5.733547
1.734623 -1.351176 1.937526
-2.029106 2.015639 -1.041885
-1.68613 2.759611 2.553517
-0.152517 -1.401469 -1.496651
5.378146 4.34448 -8.340831
0.618016 0.498359 2.14813
2.08403 -1.344812 0.697389
2.961945 -2.936297 -2.567798
-1.870662 3.570233 1.2581
-3.164598 -3.402639 4.405921
2.202405 2.682493 -2.409763
0.505649 0.514748 0.277516
-1.10833 -1.190312 -2.274034
0.373005 2.099291 -0.074856
-0.234387 -0.407029 0.756048
-5.888831 -3.908849 3.820616
-0.895134 -1.545746 -2.514644
1.244048 3.119841 1.291963
3.634865 1.232331 -2.587315
0.206908 -0.023846 1.069599
3.983894 4.69649 -5.617708
-0.041389 1.234477 -1.012107
1.187642 -3.182222 0.786722
-3.169632 4.121275 -4.464645
-4.507098 -4.76051 -3.863655
5.495356 5.335411 5.703329
4.256016 -4.641535 4.268499
-1.073312 -0.293033 2.188367
0.698364 -1.331471 0.652429
2.838459 -4.358997 -3.337762
-1.128683 -3.465522 0.310712
1.932104 0.989747 2.242009
-1.446085 1.56703 0.254549
0.215607 0.766175 -1.724125
-3.582587 3.061505 3.934976
0.329565 0.580151 -0.068608
1.436577 0.432608 -0.979031
2.031699 -1.115594 -1.593688
-4.150503 0.946161 0.713336
-0.200136 3.250692 -1.577932
2.375194 -1.450647 2.918869
-2.141006 -1.151093 1.340304
1.804211 -2.694118 2.183723
-2.340502 -1.336936 2.057748
-0.145916 -1.980785 0.566496
0.951547 -0.157645 0.802229
-0.700954 2.876151 1.931755
-0.46333 -0.845182 1.162269
1.674187 1.359666 -0.675313
0.004155 -0.356614 0.371177
1.857618 1.783011 -1.664169
-2.596932 -0.160225 0.327507
0.569854 -0.795012 -0.956612
1.026864 -1.132423 -3.905244
0.452334 -0.01247 -2.249998
2.629186 0.616209 1.423018
0.095179 -1.722143 -0.356981
2.13281 0.066283 1.256649
-2.707308 1.609084 1.545234
0.253044 0.285304 -2.374441
0.182006 0.702865 0.016807
-2.964756 -3.633467 3.426675
-1.17588 -1.327341 -0.810466
0.135706 -2.026772 -1.296233
-0.578873 0.038683 2.120108
-1.633573 -0.929482 2.246782
1.417325 2.78867 -1.120366
-0.582726 -1.269687 0.326759
-1.836223 1.342307 -0.301814
-1.574798 -0.921208 1.40958
-0.293148 -0.533674 -1.828936
2.666008 0.329481 1.043045
-1.37493 0.878829 -0.246716
3.183771 -1.730664 -1.721684
-3.200942 3.681236 2.069795
-5.316471 -5.633254 6.169432
-1.010935 -0.558982 -0.752276
0.832564 -1.239879 0.102462
1.946571 5.567933 -2.112821
-2.663502 3.398008 -3.49108
-0.677988 -0.956939 0.839544
2.279783 -1.768761 -3.232493
3.727071 -2.318238 2.83782
-1.782215 0.736134 -0.281368
-0.401417 -1.310258 -0.812505
3.242929 -2.382475 -3.917293
-2.036007 -0.547715 -0.878659
0.144052 0.303659 2.557203
0.942201 -1.411458 0.006481
3.654724 -2.156935 -2.877141
1.121939 1.196388 -2.916697
0.164688 -1.037696 2.242784
0.8929 -1.234635 -1.958902
0.734607 1.849724 1.431056
-6.945512 -7.137723 -6.864894
8.412386 7.080577 5.631491
-2.703522 -2.462486 -3.04404
1.709947 0.775311 3.952894
-1.930503 2.173429 1.341196
-2.657405 4.09525 -3.353413
-0.443414 -0.325673 -0.539057
-1.667718 1.153958 -0.141929
0.456431 -1.426669 0.19932
-0.452861 -1.423928 2.448763
-2.967406 -2.10694 -2.114097
1.565771 1.844375 4.069263
-1.568282 -0.388135 -0.637178
0.231909 -0.711461 2.634377
-0.620839 1.656444 -2.071513
0.304618 1.162686 2.378889
-1.618808 -2.986738 -2.898261
4.314857 0.914512 1.166152
0.81886 3.291309 -0.428036
0.547437 -1.091989 -2.415201
-0.927005 3.210439 0.257604
-2.209928 1.185342 -1.452051
-3.924339 -1.973653 -2.580481
1.280851 2.97352 2.509066
-0.643886 0.649837 -0.467038
1.191032 1.197197 1.036657
0.002055 -3.421772 -2.005152
4.858398 0.401751 1.287375
2.386472 2.577741 -3.48876
0.475814 -0.890667 -1.258836
0.160347 -1.528273 0.5802
-2.006486 -2.746532 2.348343
-3.21482 0.155031 0.589114
0.272267 -1.07152 2.85688
-1.712669 -0.612915 -0.507342
-3.563628 -2.596056 4.847001
-5.123112 -4.716612 -6.269425
5.295905 5.665145 5.260856
1.541156 0.72222 -1.604588
-0.275847 0.273109 -2.208737
2.374273 -1.704492 0.542736
-2.670526 -0.607729 0.58017
1.366465 0.287988 -0.510159
-0.537736 -1.096661 1.346773
-1.28675 -3.186693 -1.6569
2.739432 1.641339 2.367922
1.711181 1.458582 -2.034941
0.495594 1.0373 0.129304
-0.674146 2.224606 1.679144
1.121325 -2.327549 -1.630396
3.576485 6.451693 -4.529579
-0.098468 0.950264 0.324552
-2.282676 -1.103433 -1.319036
2.207869 1.988336 2.009573
-0.674546 1.051929 -0.456988
1.046252 -0.253268 -3.19735
6.031744 -0.203341 -0.749485
-1.687479 -0.456441 0.395493
1.839636 -2.002542 1.48498
-2.278724 2.803587 -1.89488
2.740476 4.613314 -2.307611
-0.437105 -1.003443 0.825646
0.071131 0.566927 -0.139174
-4.14103 -5.128251 3.987708
0.226487 -1.008042 -3.258426
2.349722 2.823445 2.31897
0.327747 -0.907085 -2.224262
0.783236 -1.403913 1.798376
-2.211944 -1.833174 -4.025374
1.835352 3.1015 0.438705
1.539181 -1.798212 2.739513
0.602109 -2.1614 -1.382904
0.385222 2.232837 -0.481256
0.032449 -0.408885 -1.805545
0.851848 -0.610756 2.766984
-3.389311 -3.182286 2.037931
-1.22062 0.692063 2.546452
-0.971648 0.736735 -1.621715
-4.756249 -3.984053 -3.683336
2.908251 5.796759 3.728648
2.203703 0.84834 1.536101
-0.026093 -0.268564 0.299413
-1.519971 -2.579083 2.575647
-2.895171 -3.641083 -6.52601
4.107295 5.921527 3.901978
-0.330472 0.601832 -1.324858
0.48343 -0.503133 1.064434
2.153737 1.966481 -1.336385
-0.522103 -0.391155 -0.193249
-0.447928 2.323633 0.1533
-2.29902 -0.658776 0.672986
0.488284 -0.572338 -0.208151
-1.37816 -0.160608 1.236387
0.446894 2.409159 1.040145
-1.416612 1.52694 -2.904523
0.543346 -0.11184 -1.381046
1.529054 -0.201703 -2.152212
0.137299 0.956176 -2.647435
1.676341 -0.085724 -0.067061
-0.942549 1.46682 1.265168
-1.151655 -1.281739 0.336775
-1.616998 -1.332328 -2.913883
1.615574 3.315114 0.706306
0.778761 0.479241 0.143458
-0.852661 -2.387271 0.632866
1.393246 1.878865 -0.685383
2.443247 -2.558882 -4.549496
-2.152008 3.603125 1.84804
-6.620264 6.344034 -4.394487
1.421851 -0.319852 1.600051
-2.614761 -1.731197 0.689421
-1.789535 1.940699 2.451584
-0.139801 0.054752 -1.139407
2.990695 -3.733685 3.389441
-0.272385 0.388394 -1.383158
1.497343 1.84458 -2.621593
0.524171 1.360122 2.013423
-0.843309 1.311266 0.940967
0.30592 1.978505 -0.32665
6.037043 -6.457029 6.11722
-3.992326 0.155876 0.152261
-1.247163 -0.931749 -2.033578
0.54672 1.132707 0.480582
-0.047187 -1.909817 0.644997
5.599449 -4.182314 -3.742881
0.71412 0.421888 -0.332233
0.660591 -2.33221 0.238816
-2.053095 -1.530918 -1.453274
1.979561 -2.094042 0.742246
-3.729367 4.833278 5.358312
-3.378226 -2.672229 2.473841
0.979654 -0.899643 0.100164
1.191008 -1.207443 -0.804605
-0.651764 -0.938816 -1.258926
2.924955 -2.335477 -1.284419
2.196008 3.852994 -2.135913
-0.677122 -0.417636 0.273801
2.124616 0.708699 -1.630292
-0.238463 0.119437 -1.056987
-0.75394 0.70332 -0.697652
-0.112672 -0.9597 1.951435
1.890737 -0.843273 0.241505
-4.015438 4.38258 -5.37896
-3.252891 3.4263 3.570526
1.206345 -1.356118 -1.303366
0.590733 -0.754535 -0.852604
-0.801903 -2.025953 1.092001
-0.267925 1.780469 0.011798
-1.409192 -1.500354 1.49398
-2.166518 1.80492 2.431105
-0.364952 0.776856 -2.768849
-2.379741 -0.82326 -3.940658
1.070649 4.927544 0.411995
2.382533 -0.8114 1.472876
-0.627203 0.072153 -1.710127
-0.801959 -0.294472 -1.412138
3.055045 -0.711716 -2.075083
-1.658324 0.749035 2.607582
0.981478 0.135563 -1.612353
0.307464 -0.275762 1.170965
-2.167259 1.367194 -5.107622
-4.584718 -4.571342 -4.976204
5.023594 3.750743 3.558049
-0.93565 -0.029732 2.527551
-2.975852 -2.673725 3.673831
-1.861972 -0.729999 -1.777327
-0.326717 0.275517 1.848566
-0.970207 -0.536504 0.438623
1.96189 -0.960591 0.490635
2.300671 -2.243691 3.278531
4.758748 -4.665432 -4.114295
-5.053269 5.009945 4.64182
0.097316 -1.782927 -2.038123
-7.777306 -8.426305 -7.574431
8.686433 9.809328 6.84515
-1.422853 0.349563 -0.221406
-1.21917 -1.090452 2.498218
-1.998718 2.003285 1.543839
0.747646 -1.190391 -0.880889
1.706729 2.168168 -1.066378
0.479704 -0.667927 0.688148
-2.400598 2.173485 2.866966
3.678215 -3.602803 -3.43955
-1.263959 0.064107 -1.398474
2.678276 -1.454268 -0.527144
-2.047763 1.737225 2.337174
-0.654316 0.562247 0.279435
2.020069 -1.923551 1.856653
-2.801619 -3.876456 2.445319
2.11161 3.714677 -1.589852
0.283876 -1.401731 -2.321552
-3.509667 3.002045 1.682562
-1.201148 -1.456562 1.866286
2.678974 0.28682 -0.425018
-2.22063 2.294963 -3.702048
0.759397 2.019367 -1.178523
2.401178 -3.515773 -1.694501
2.80386 -2.971804 1.041847
-0.779783 -1.091109 2.086874
-3.747771 0.439621 0.604709
0.440156 1.864301 2.041731
-1.984484 0.820078 3.639301
1.937985 0.094783 -2.357406
-2.237631 1.497584 -0.062042
0.774227 2.407473 0.210518
-1.222551 -0.442957 1.44666
0.006388 2.28636 0.65401
-3.464579 2.091927 3.087385
1.993839 -2.078898 -1.602376
0.704905 0.936551 -2.666794
0.665892 0.939039 1.176401
0.404141 -0.250038 0.980894
-0.490322 -0.758512 -0.891629
3.237364 2.872427 -2.983835
-1.413211 0.158178 -0.023422
1.591406 -0.854369 1.013524
-0.269567 -0.481572 -1.126596
5.456766 -3.190901 3.337779
-1.810193 -1.388068 -0.088814
0.936375 -2.579058 2.072501
0.231059 1.315592 1.696981
1.367846 -0.627291 0.029577
1.64012 -4.257803 -1.900456
1.785828 1.433432 -1.198984
-2.098362 -2.401217 2.316633
-2.076842 -1.116338 -1.319226
0.566149 1.711304 2.261531
4.253748 -5.151417 4.203406
0.913991 0.056211 -0.746286
-0.798425 1.129807 1.119152
-1.518719 -3.255749 0.879157
1.273124 0.914922 -1.448521
-1.233581 -1.113969 2.508569
-0.007568 0.479545 -0.180966
1.275094 -1.575873 -0.536044
0.716808 2.998763 -1.166636
-2.735753 1.620068 -2.002562
-4.088024 -2.50137 -2.841221
3.082037 3.798657 4.358442
-1.299542 -0.147008 -0.173394
3.705753 -1.625322 -2.893439
0.370769 3.128113 0.48527
-0.448419 -2.828339 1.605452
-4.523141 -3.347334 -3.0238
4.023224 3.886922 3.724252
-4.236137 -3.55501 -5.288864
4.448547 4.290639 4.084385
2.530749 -1.373309 -0.839434
2.065608 0.145605 0.52384
-2.169959 -1.519457 -2.85101
2.272187 3.058779 0.761704
-1.657997 0.883842 0.920806
1.106461 -0.585857 -0.575198
-1.085623 -2.902546 -1.279426
-1.506139 2.790914 -2.645076
-2.326547 -3.150767 -1.570933
2.717091 1.282414 2.2419
-0.349077 1.413402 -0.129025
-2.595656 -2.571824 2.617075
1.356686 0.648509 -1.076708
-0.629504 -0.819828 1.545296
-2.888117 4.057402 2.803997
-1.709873 -3.351744 2.404843
0.555823 3.520206 -0.92674
-1.107757 -1.580011 1.05736
3.279732 0.321207 -1.229142
0.71997 0.435393 1.000086
1.710809 0.784457 -1.845242
1.024479 -0.667038 -1.680932
-2.375184 0.452096 0.406021
0.904505 0.523384 -0.168184
-1.554401 0.097615 0.30279
-0.170926 0.713987 -1.962422
-1.919196 1.165281 0.622281
1.053548 0.337445 -2.774926
-3.083073 0.699153 0.409651
2.004684 0.882558 2.111105
0.607783 -1.48431 1.043261
-0.090266 0.244589 1.228139
0.709235 -1.510134 1.292921
0.101553 0.660863 -1.104065
0.889109 -0.293454 -1.38308
0.254386 2.819427 -0.162333
0.042428 -1.443017 -1.004863
2.293234 -0.472066 -1.322646
-0.208127 -1.458701 -0.626926
2.017664 -0.848651 -0.179866
-1.152716 -0.179923 -0.454476
0.588156 -1.390224 0.337677
1.839403 -0.239244 -0.180865
-8.524664 5.959878 -4.604289
1.908047 1.126062 -1.712835
-1.213453 0.06601 -0.936544
5.988853 -5.655908 6.931271
-0.373096 0.09445 -1.42244
0.312436 1.51325 1.059214
-1.221631 -1.733889 1.499451
-0.561742 0.294178 0.291375
-0.259165 0.299112 -1.230044
3.352961 -1.662878 -2.147917
-2.547497 2.942961 2.460614
-0.572952 -0.63615 1.220317
4.079002 6.969188 -2.932181
-3.634254 -2.626734 3.455149
-2.792978 -1.12679 0.580489
0.04103 1.562598 2.227834
-1.046526 -2.265507 -1.022825
-1.873938 -0.873119 4.148253
1.623635 1.373988 -1.556936
-1.88373 0.910607 -1.075707
0.33361 0.11619 -1.803207
0.851075 1.108536 -0.103513
3.669732 3.514904 -3.265855
-1.725774 -0.960497 0.560535
1.535775 0.646651 -0.750075
0.063912 0.230179 -1.36089
6.771881 0.431492 -1.252814
-1.385891 1.159163 -1.052558
0.550721 -0.411873 1.152256
0.480898 -1.927883 -1.625639
1.197771 -0.184105 1.588506
-2.511842 -3.604803 1.38029
4.593086 -3.23041 2.69535
-0.796365 2.467561 -0.990244
1.852952 -0.319677 0.683561
-0.049646 -1.784303 0.854718
2.265056 -1.864091 1.202932
1.715581 -0.724231 -0.700833
-1.484015 -0.089993 1.006835
-1.62623 3.154597 -1.695814
1.99681 1.510074 -3.106962
-2.250136 0.983613 -0.514335
1.122635 -0.423492 -0.486411
-4.041163 5.610843 -4.799889
2.856384 -2.594589 1.90051
0.053997 0.264732 0.449259
-0.794394 2.41781 -0.216848
1.326076 -1.84037 -2.342491
0.42475 -5.309618 -0.276379
4.344192 1.217836 1.812917
0.218447 -0.998434 2.828648
0.319874 -0.527802 0.184408
-1.39405 0.778852 1.015857
-0.294155 -1.303454 -1.12077
4.664276 -4.784982 5.035921
-2.287219 -1.40879 3.13804
-1.103974 0.173587 0.318215
-0.058025 -0.349198 1.465119
1.839918 -0.55549 -1.475541
-5.270054 -4.444008 6.09293
-0.954054 -1.109076 -2.976392
1.643801 2.467576 1.937028
1.654552 -1.097516 0.29941
0.566945 -1.383244 -1.440991
10.697831 13.20577 -12.369667
-3.13289 2.988754 -2.858501
3.805563 -2.196329 1.52549
-0.79118 -0.599145 1.851808
0.536264 -0.73549 4.547779
-0.570675 -1.010476 -0.339855
-0.59546 -2.120635 -0.577726
1.232748 0.126881 1.4507
-1.709007 -2.329356 -3.394602
5.992439 -1.549077 -1.413616
-1.696078 1.806977 5.879022
-1.006263 0.914623 -2.007514
0.629656 0.815276 -0.829786
0.564398 0.222952 -0.075375
-0.857484 -0.755439 -0.22986
-3.897527 1.127359 -0.547394
1.708822 0.021524 -0.920101
0.610901 -1.804007 -0.947534
1.307466 3.575921 -2.394142
0.776638 -0.836641 0.192368
-2.844514 -3.590003 -3.403849
4.297437 1.191585 1.733702
0.738851 0.252912 -0.647261
0.947429 -1.34011 0.075037
-1.522457 2.111895 2.272934
3.013361 -4.169828 -2.756286
-3.261565 2.783695 3.759749
0.84968 -1.112579 -2.506969
-2.230143 -2.383448 -2.68602
3.021151 0.426646 1.854697
-0.55289 1.226901 1.399233
-2.247743 -0.687094 -1.231791
1.528659 2.563267 -0.337789
-0.299716 0.009241 -3.586159
-0.746177 1.935605 1.420044
0.019919 0.403807 -0.014753
1.339235 -1.602611 2.492322
-1.487703 -0.926386 1.231432
-0.92317 0.087916 2.369884
-0.429584 0.149105 -0.577887
0.688014 -0.496818 -0.76545
1.267843 0.376481 1.775393
0.949147 -3.006027 0.697587
-0.838713 0.012944 1.266419
0.286978 2.511822 -1.137264
3.805233 -5.961618 -3.81553
-1.247488 1.783117 1.5693
-3.773763 4.346792 -5.194164
-1.155204 2.289398 0.158555
-0.580042 1.22872 -0.993572
0.473145 -0.675224 0.390516
0.093781 -1.058451 0.634186
-0.733741 0.424965 1.783512
1.130415 -1.019707 1.147477
-4.577161 3.536752 4.367372
0.144709 -0.206274 1.138959
1.007121 4.193335 -1.432158
-5.770141 -5.822579 6.805277
-4.45278 -3.421059 -4.285711
5.371456 3.064519 3.42263
0.530557 -0.150198 0.722051
-0.234571 -2.443024 -0.50353
6.381465 5.632351 -8.793174
-3.158194 -3.334114 3.919884
-2.145219 0.794124 1.15158
0.337856 -1.166894 -0.614265
-0.25814 -0.228493 1.324579
0.684737 -0.239671 -2.349349
-0.660864 1.589211 0.68692
-1.464527 -1.827445 2.744961
0.536167 -0.797593 -1.013532
-0.576316 2.572589 -0.840617
0.923394 -0.031298 -0.502879
-1.294652 -0.918139 1.404079
-0.011213 0.509296 -0.592926
-1.212403 0.699446 -1.968458
0.2814 0.33246 -0.60146
-2.890937 1.512555 -0.6045
2.577106 -0.134525 -0.575195
-1.901565 -2.07572 2.66906
2.025716 3.541867 -1.035714
-3.2705 1.754456 -1.986229
1.778464 -3.855428 2.983133
-0.595593 2.08132 -0.364835
0.735722 -3.064901 -0.727749
-3.49737 5.611814 -4.565622
2.015033 -1.826218 0.525467
-1.26045 2.085331 -2.340844
-1.589055 1.922468 1.759856
1.930128 -2.214142 -3.331485
-3.18131 3.320816 2.760261
-0.772267 -1.971818 0.279734
0.929064 -1.632336 2.478772
-0.197775 -0.147419 -2.394252
-2.249672 1.245587 0.579519
-0.443739 -2.084759 1.972586
2.409224 2.107204 -2.19415
1.111496 -1.135885 -0.956999
-2.277917 -3.559194 -1.575671
3.507532 4.618379 2.901897
-2.512284 0.184392 0.192744
-0.025019 -0.464471 1.146392
-1.370491 0.063488 0.421679
-0.461107 -2.127781 1.85605
-1.034542 0.855859 0.4368
0.765628 -0.751423 -0.111777
0.843997 1.035934 0.252907
-1.177251 -2.495368 1.364605
-1.441467 1.226642 1.283909
-2.616889 -5.715524 4.189634
0.960106 -0.877994 1.440244
-2.958941 4.367801 -4.20798
-1.100746 -0.053134 -0.12495
0.392978 1.650506 -0.394578
4.551965 -4.827748 3.199263
-4.919621 -4.057623 4.506575
1.687722 1.111253 0.07755
-0.467688 -1.901073 -0.045783
0.838305 -2.629795 0.807382
0.676644 0.391262 -2.581338
1.528554 2.897395 -1.70033
-5.367982 -4.443837 3.735575
-0.282858 -0.863255 -0.499065
1.21735 0.318171 -1.64645
-1.349417 0.804165 1.382359
-3.31873 0.792756 -2.093613
4.080392 5.78657 -3.961188
-11.867464 -11.646673 11.492179
-0.26352 0.052215 -1.701769
0.699159 0.929758 0.738268
1.879518 1.425395 -2.060121
-3.214822 0.4218 -0.363176
2.131979 2.81907 -1.440095
-4.127528 4.333822 -5.445729
0.024713 -0.803578 0.982407
-0.820099 0.448848 -2.307715
6.047607 -4.526133 6.405005
1.159173 0.500249 0.08635
3.44924 0.588585 0.641009
-2.905232 2.917969 -3.001384
1.960643 5.02535 -2.61576
-0.500264 -2.008742 2.066558
1.309582 -4.218832 1.433137
-0.61261 2.31696 -0.050465
1.062678 1.169286 -1.949032
0.383582 0.311756 0.032085
0.732254 1.139748 -2.486683
-0.419038 1.454484 -1.669419
-0.946976 -1.119632 0.014215
1.372621 -1.574755 1.251008
1.40447 -1.945895 3.091553
-1.107381 2.028957 -4.302856
3.976332 1.632397 0.145518
-1.570797 0.934408 -0.945256
2.281088 -2.979197 1.73979
-0.972913 1.289591 -4.061844
0.038275 1.064209 1.24937
0.132168 0.473333 -0.304199
0.487214 -0.112096 3.175487
-1.897855 -0.00272 -2.210147
-0.273561 0.10026 -0.292753
