-1.0692943926138287e-16 1.3931997916438732e-16 7.96346495690603e-17
2.8492833092919057e-16 -8.239936510889834e-18 -3.5981112566415424e-17
-3.0357660829594124e-17 -2.671474153004283e-16 4.324611415501556e-17
-6.339330102522744e-16 1.1290949186899824e-16 1.431146867680866e-17
-3.821812658011403e-17 1.845989723928132e-16 3.356960976558243e-17
-1.3655526362454928e-16 -1.196959198423997e-16 -4.541451849998657e-17
-6.335806445462167e-17 -1.303753112413819e-16 -1.0230887453411067e-16
1.240327285323417e-16 -1.2067170179763664e-16 1.1205229452637688e-16
2.3361846311631407e-16 2.0190554957111306e-16 -1.169801204552656e-16
3.529078071440317e-16 2.417770844642675e-16 -4.2717565595928875e-17
-4.662069341687669e-18 -1.8084492237058214e-16 1.7943545954635098e-16
4.744468706796567e-16 -1.7867651802561113e-16 1.124317652867468e-16
2.216109240560371e-16 -3.505225623645636e-16 -1.6033994878345004e-16
-1.6653345369377348e-16 1.3877787807814457e-16 0.0
1.730386667286865e-16 -6.418476861114186e-17 4.206704429243757e-16
1.940721888749053e-17 8.047490625273657e-17 -1.797336151437845e-16
2.2410458905275377e-16 -7.697835424647081e-18 1.8866473053963384e-16
-7.892991815694472e-17 1.2576745200831851e-16 -8.68445940160889e-17
3.2677853478713104e-16 3.5453411040275995e-17 -8.500145032286355e-17
4.483175983227561e-17 -9.741556519782257e-17 -2.656295322589486e-18
6.689527404235562e-17 -1.1606384256457325e-16 1.0196921432226169e-16
-3.903127820947816e-16 -2.1076890233118206e-16 9.410874857174178e-17
-3.469446951953614e-18 -1.3877787807814457e-17 2.1293730667615307e-16
1.0466616722631938e-16 -6.729507359345965e-17 2.703051541277923e-16
7.26415455565288e-18 2.0274580625478933e-16 -4.6349642873755315e-17
-1.5964876989849053e-16 -6.871131268126884e-17 -2.233456475320139e-17
-8.967707219170729e-17 9.778148343103643e-17 -1.783127173747654e-16
-8.326672684688674e-17 0.0 -5.551115123125783e-17
7.979727989493313e-17 9.107298248878237e-18 -3.3528952184114225e-17
-5.963111948670274e-17 -2.222614453595284e-17 -1.5981140022436335e-16
-1.9895109865109006e-16 4.0093796338513954e-16 1.045712995362269e-16
-2.3245294578089215e-16 1.6609977282477928e-16 -2.355971320811001e-16
3.469446951953614e-17 -9.055798645685176e-17 -6.708331535664608e-17
-2.2957981002380556e-17 5.074066167232161e-17 1.5614544162864674e-16
-1.0137290312739466e-16 -2.1358782797964437e-17 5.865533753146579e-17
-7.806255641895632e-17 1.0538445116559103e-16 8.370040771588094e-17
1.1362438767648086e-16 -1.8583225236401546e-16 -5.533767888366015e-16
1.3574211199518516e-16 -3.2959746043559335e-17 -1.2750217548429532e-16
7.546047120499111e-17 1.3774788601428334e-16 1.7376880912921971e-16
5.442694905877232e-17 9.435269406055102e-17 2.1358782797964437e-17
