2.693158196453993e-16 2.4674616883323423e-08 -0.1783168033917581
-3.318742849978129e-16 -2.442135056042482e-08 -0.17831676785207212
1.098296800727816e-15 2.4421350189031367e-08 0.17831680348595547
-4.547143911404206e-16 -2.4674617709566794e-08 0.17831676775787525
8.29500465189843e-18 -3.202139366782197e-08 -0.06809641154978255
-4.195678585303971e-16 3.191848729090021e-08 -0.06809640120650022
2.8129471303933647e-17 -3.20853851208136e-08 0.06809641181179993
-1.858859904233597e-16 3.218829159732869e-08 0.06809640094448327
-1.6616806832734334e-16 2.4519037684519265e-08 -0.08860791554102992
-2.455671536518961e-16 -2.4268157265483253e-08 -0.0886079291532984
-5.254999781644173e-17 2.426815808911697e-08 0.08860791563389345
3.56139208199723e-16 -2.451903796728653e-08 0.08860792906043455
-1.448454377273034e-11 -1.228643812436342e-07 -0.03937563004122269
-4.683753385137379e-16 1.233168312325672e-07 -0.03937570728428025
-7.806255641895632e-17 -1.233003158380465e-07 0.039375720516419674
1.4484483057408681e-11 1.2284786654170182e-07 0.03937561680908236
5.220773498254007e-16 1.4440787812827505e-08 -0.11717449405711972
-2.3199556631441516e-16 -1.4440789146718473e-08 -0.11717450138567653
-2.0654085434573227e-16 1.4440789342776895e-08 0.1171744940567157
-4.1235862676435877e-16 -1.4440789316596998e-08 0.11717450138608104
2.949029909160572e-16 -1.2550913599390645e-07 0.07712890716694151
6.938893903907228e-18 1.2552936454407818e-07 0.07712887557634104
1.1102230246251565e-16 -1.2521198629626348e-07 -0.07712880349940884
-5.186823193170653e-16 1.2519175717016356e-07 -0.0771289792438733
-1.1210650463500116e-16 -5.6298243958396895e-08 -0.15815121486037234
-6.69080880109918e-11 5.603847552134358e-08 -0.1581512498446565
6.690786564112622e-11 -5.6272137310869387e-08 0.1581512670096079
5.930585883495709e-17 5.6531905405348695e-08 0.15815119769542102
2.1263530459433986e-16 -8.926538018122987e-09 -0.09717097197860725
-3.1142411202908923e-16 9.223464949153799e-09 -0.09717097641649364
1.0552303847880321e-16 -9.590631831689754e-09 0.09717097238923772
-1.3609442613558182e-16 9.293706321233807e-09 0.09717097600586325
2.498001805406602e-16 6.545469830683201e-08 -0.018130157152394633
-3.191891195797325e-16 -6.545469829598999e-08 -0.018130141209986628
-5.967448757360216e-16 6.545469785537023e-08 0.01813015715207178
2.194425197110661e-16 -6.545469795078002e-08 0.018130141210309245
-3.122502256758253e-17 7.888205029470997e-08 0.06288714854892291
-6.696032617270475e-16 -7.875166314267983e-08 0.06288713093205753
9.17668718791731e-16 7.880203926001993e-08 -0.06288704693558339
-1.5612511283791264e-16 -7.893242815804925e-08 -0.06288723254539498
3.660266534311063e-16 5.4395934337707515e-08 -0.1761918916860578
2.426444462022559e-16 -5.3541641998147184e-08 -0.1761918034080459
2.177077962350893e-16 5.387546423265069e-08 0.17619182403763162
2.196593601455632e-16 -5.472975536419296e-08 0.17619187105647283
-3.0140820395097023e-16 4.175732451711187e-08 -0.17256034899854888
2.0773313624822265e-16 -4.1757325901312786e-08 -0.17256036726763474
-3.0075768264747893e-16 4.172388600994035e-08 0.1725603493762713
2.905661822261152e-16 -4.172388538283781e-08 0.17256036688991278
-1.457167719820518e-16 9.723335978647357e-08 0.11904441437408822
-5.828670879282072e-16 -9.723336396715715e-08 0.11904447055599866
3.400058012914542e-16 9.721645328596845e-08 -0.11904441450680787
-7.077671781985373e-16 -9.721644885895414e-08 -0.1190444704232787
-7.103807296788005e-17 4.346243069328072e-08 -0.11173613601976873
-2.488841977597676e-16 -4.346243044330291e-08 -0.11173611639121123
4.698466311653033e-16 4.3295520364477296e-08 0.1117361357733409
-1.194286085799667e-16 -4.3295521388148125e-08 0.11173611663763966
-7.448647885106166e-17 -2.0794398813111672e-08 -0.07363648606979067
-7.1078990425913475e-16 2.1380868107848638e-08 -0.07363644063078945
5.844022486156822e-16 -2.1547761442112124e-08 0.07363645008393255
-1.2300443225375161e-16 2.0961291641773503e-08 0.07363647661664599
2.1347940776239582e-16 -4.2637125635545036e-10 -0.16265802109342992
-9.550736937424809e-16 -1.585316776670561e-10 -0.16265800825225057
5.413421447220124e-16 2.5022416057847875e-11 0.16265796857787734
-1.2305694657710475e-16 5.598815324865127e-10 0.16265806076780237
-5.926249074805767e-16 8.561144198106826e-08 -0.17414741310588633
-1.233822072288504e-15 -8.558586524817086e-08 -0.17414742467670863
1.212354869273291e-15 8.565261385633065e-08 0.17414748040937966
-1.8735013540549517e-16 -8.567819001199881e-08 0.1741473573732154
3.9972000391038806e-16 -3.576436131180749e-08 -0.10325359455857774
-3.0482355476676725e-16 3.576436192248509e-08 -0.10325360607336942
1.8597393756096704e-16 -3.576436123895828e-08 0.1032535945522012
-4.514633879899011e-16 3.576436204061374e-08 0.10325360607974546
-1.8484168703444556e-16 -4.8048502455237e-08 -0.08794012853123234
-3.1044173997704376e-16 4.804850205440259e-08 -0.08794014789274746
6.070330218407533e-16 -4.8048502355692946e-08 0.08794012854789293
4.091348876240371e-16 4.804850296269954e-08 0.08794014787608531
6.684496401869939e-16 1.3960887539376726e-08 -0.07637405015468657
-3.468537707183408e-16 -1.4061104591462303e-08 -0.07637407448344968
1.1564877544175613e-16 1.3760698037186624e-08 0.0763740874066288
-6.069442241897848e-16 -1.3660481197630451e-08 0.07637403723150585
