-2.3591942534910855 -0.8548975160919876 0.4888651830960956
-0.2721620291218056 1.4391827347922952 -1.587744901184961
-1.1528300574746728 0.2260300642507022 -0.3432481494520988
-2.0557950376722802 -1.217737335753423 -0.23300858918778816
-1.023347877528578 -0.9564822510775438 0.39996887869381825
0.6468884049443453 -0.6488317972352521 -0.8365521585892688
0.7840400345244144 0.8341531598285392 1.939776631729688
0.30213620760633114 0.1940693057809852 -1.2906284659992195
-0.624526675329024 -0.10984612881703006 0.17622078259428756
2.1704131296768026 -0.726968710543508 -0.03464747320837852
0.32486635338220815 0.41641809927936274 1.4755820153568941
-2.391347492488643 0.7362664772959662 1.462197482352971
1.051960614159624 -0.21237431750139502 -0.35155549252168444
1.4099505236075247 0.055339240481219396 -2.1086968633590484
-1.1959161945862127 -1.2707458534400886 -0.03380466584545713
-0.5109967159697401 -1.57723582353205 0.7286866993744638
0.619556332138513 0.8288657568117194 2.0575222190391207
-0.0300823171755004 1.1059412440916077 -1.0991877402096826
0.6950505713037114 -1.125143196007895 -1.238942402696972
-0.2761473651391868 -0.8977145799250223 1.3083507689423641
0.03515393808122818 0.818134614085782 0.6644300950078316
0.15008535513618493 1.861074270655004 -0.12155298509160453
0.4564853209980151 0.9646233152603567 0.23846797221734814
1.891604401312652 -1.4031491974276205 1.2429407917383581
0.08189108555313881 -1.4610899875081904 -0.32504514670846324
-1.7567831362465856 -1.4398921655032857 1.7840157753574764
-0.5595290435018109 0.012536183577010392 0.7391515439176509
0.3313734289773267 -1.0184515233193894 -0.34525074966839037
-1.1812187994750147 0.8380161926393772 0.02472392544031718
1.0787957921384275 1.2293356345547342 0.6986765658172063
-0.10049136258806667 0.7179728514452218 -1.636984938370491
1.4546281630917615 0.11805097778483023 0.22539562808920727
-1.5465329843073994 1.4636109020180663 -1.0349078861312782
0.04720818246554122 -3.9784192070387867 0.11987432130339196
-0.9164842232801658 1.7488989036542764 -2.506912311500294
0.5241415022657095 -0.8424355193226448 1.0010634865004142
1.0116969293359794 -1.6319812983035007 -1.1428820019503154
-1.7088509139995398 -0.4311237616533296 0.7975727920233021
-0.603006823628983 1.902214081476472 0.8236627047591519
1.3904813383656869 0.5158595360543345 -1.670803214390215
-0.5376732819776676 0.01362382855296733 -0.5473595420853185
1.2202480325287974 2.0800819905447887 2.4287671232882384
1.635305764479593 0.5612534044865126 0.21555482115704783
0.27491210825791684 -0.2860031711553143 -0.1104327429329423
1.2016067580997944 -0.24862236300508572 0.46443626822275513
1.122320922937527 -0.2422497070045469 1.1677928667906325
-1.2189486875020217 -0.19372508441663974 -1.9574251399734826
-1.5039579123418056 1.2268837536435075 -0.9498275308755768
0.17696945583289278 0.5586703738115018 -0.8844614320458942
0.143959401214151 -1.2583497717209304 0.7010738315118117
-0.7089784825955545 1.09437710389804 -0.1565131913195033
0.5977885824170748 -0.3019313252407876 1.1151630962506802
0.8054449362977663 -1.1996896489103444 0.7237227019115632
-1.3554608278902953 0.4797695632429865 1.8367072340436414
1.3673835201866107 0.2605170112627211 -0.017792695361730504
-1.100306299324718 0.7559185526880315 -2.246051593887179
-0.566709091486538 -1.921049018993364 1.93399793331119
-0.31205660794633505 -0.4881136083361688 -1.210407276316944
-0.5977010384602417 0.11059874396585652 -0.40785182919158347
0.20129967667598705 0.17668978118578677 -0.0837288374821956
0.22966734734386351 0.14546276981373552 -1.9925247063133302
-0.5803748732027547 0.466698969401966 0.21300158199731828
-0.08232370694868929 0.51236073479263 0.4032774539240058
3.3944199973438094 1.4747537416762293 -1.0939085219089586
1.0295494089615742 0.2777509681260587 0.904354326295641
0.48779179971009445 0.1095275894862541 2.2794924049465215
-2.516269311373836 -1.0494578502813838 0.5717726914762032
1.0943735023565755 0.7243120197240526 -1.8841144213511767
0.2788790581834693 -0.48992645901553145 0.052907188103152855
-0.3969399843905756 0.007033217549280178 -1.3038778557714907
-1.4338620990058961 -1.0778535628892427 0.5377511368723773
1.2961328654772204 0.6472907485393808 -1.8294383731178172
0.46418467124358037 1.5733284639803171 -0.8772635248932491
0.34052081870869555 -2.1718931867993954 -2.0528457613018847
1.8147331825794215 -1.5806129080419873 -1.661916766708028
-1.2326230045579736 -0.11499934547450157 -1.514234528692142
-1.7068276650277672 0.4133748797590885 0.06917065355891111
0.5816090941590076 0.0033420279407184172 1.0261549855042527
-1.532153664294676 -0.00669154745734743 -0.5019108245282378
-0.5103953944431163 -0.49020810236805423 -0.5734957369066191
1.089602439702773 1.1016500116011287 0.4472344554639079
-0.29591504345022707 -0.7851350263775356 0.7561762691516938
-0.10184332475825517 -2.4063405211109306 -0.0389999783029798
-1.1065506421515752 3.155109148371063 0.5647750499530126
0.5750048488385413 0.608719720042374 -2.094632250997695
0.878628010515949 1.410081455193984 0.41681920078979584
-1.8402706060264242 0.11862156410285482 1.1162105183737594
0.8863638818228671 1.6547282546807132 -0.33396177329782895
-0.027027263512509524 -0.7646134217827347 -1.4147485700596936
0.6064108871183731 -0.6298652341833891 -0.37501261919999085
-0.5196030356444965 -0.33123365448868014 1.1701366731658869
0.08709458402136422 -0.009764451591583428 0.5205212633992091
-0.7142257586131956 1.814912571168188 0.18546301486620198
0.7732646417670943 0.8712229547771352 1.1645286717596377
-1.4737715199687955 0.8806160674700028 -0.7397742540128515
-1.9602946137270396 -1.155005542117031 -2.1598991973644073
1.6807129260053355 1.5814702938771192 2.0204926917775983
-1.4626902591182558 -0.5692917179584538 -0.6195190297257522
0.8062692142870126 2.5130307815983444 0.5756492934967589
2.092072876438373 -1.4651446025733663 1.7337981206732183
-1.7560310856977779 1.9789404095803784 -1.3632104345082803
0.3284187365892224 0.6706284474976605 0.9386775598946766
-0.5381482305979474 -0.20297379722041803 -0.6540271941666717
-0.010125238010512036 1.2214724737277798 -0.7041509477529105
0.30690800917857886 -1.9464698332060246 0.5151280644389861
-0.1846054369964558 0.44822304971471244 -0.27347034370655854
2.410996395948487 -2.699537425548375 -1.1323902683462161
-0.442133639030184 -0.672664430090202 0.6192901479551944
-1.2188016368080967 -0.909576533557132 -0.14104847970785667
0.9973279945297403 -0.9138731079595434 1.688371179663042
1.317468960877621 0.9893795300395394 -0.6849717603857578
-0.7506862160429255 0.034322058952727316 1.2842310077058694
-0.6553019890219123 -1.5040235526926242 0.7700544263909587
-0.001987184118000359 0.41034954221938963 1.198947266662671
-0.03375381129054539 -0.9225882675680821 -0.8528105123867072
0.06685508448419872 1.3136854051084095 -0.5641562757433073
-0.6445527045596264 -0.9707120241623517 -0.08991710415557919
0.9416764364478575 -0.0072783154555356834 0.8131840059698179
0.424283350989072 0.048293750636864564 -1.751445809753406
0.33004614909799024 0.4985184669159385 1.4370027951092066
-0.8526501863413809 -1.5516441211380403 0.39779563842654597
-0.8268817339731392 0.24260357452671316 -0.1409133216555227
1.4702030256975118 -0.7646765864595262 -0.21385005558565828
0.025278922893245914 0.40745462666919074 0.24974203712664114
-0.6874177326989086 -1.134359105865179 1.0317051292017547
0.8668954126132543 0.6631861024328186 1.4936243909012992
1.649160012372539 0.27188328851880594 0.47055710937397466
-0.56437718836461 0.6333507709051971 -0.4797113943620966
1.8071363326401693 -2.083628851252979 -1.4290977935779683
0.19708908740626901 -0.18847511140071882 -1.8481515434498212
0.08944514574950775 -0.8389032339168586 1.4954537726820663
1.2220105165666735 0.9516079110479295 -0.02928200356292896
0.5302503712839772 -1.3187913905022153 0.7838852151382472
-0.4562839065487808 1.342522072352722 0.2721436155331974
1.2824626784854394 -0.8148610022743896 0.743630075802703
0.9830879118786795 -2.051247287262631 0.031841153740736934
-0.6551165998209356 -0.5332103579337865 0.011077196363492914
0.36433469054208234 1.0297224665042128 -0.3121829013908925
-0.8509453044861209 0.8137473994137928 0.37731882671458583
0.4344570305357202 1.1309429418224166 0.9920626223978174
-0.83911267234476 -0.6590819262510375 0.7138385595581924
0.6640233539016205 0.12628949704308745 -0.004466846159572865
-0.4857053658772449 -1.4484895860808553 0.60290756308908
0.47204981082753356 -0.08200843148210821 -0.6099212182602088
-0.7656648195748078 1.2315176037864246 -1.4904775780100443
1.259408695573913 -0.11616592958261099 -0.11101104258363115
-0.6310462137754985 -0.12577795959941002 -2.057607208328891
-1.4951878949282886 0.22091975689364643 -0.17759434307170077
-1.697935118155582 0.5224212042028111 -0.6877470665986982
0.3968893140001107 -1.2967589673605953 -0.8753884116188737
0.21147279278573403 0.7739500348841581 -0.9299017978373108
0.039432057147454985 1.123301706329467 -0.5199930818597995
-0.5360850451190503 1.1873687677033602 -0.9514576286443049
0.8337947325070271 0.8192568974432065 -0.6105383926532166
0.8886299637902771 -0.9622600825325063 0.358145245859369
-1.1305202806660581 1.3889294741188696 -0.8205021080059804
-1.4675493527455328 0.7251557918955092 -0.03993022712312799
-0.7100976591433695 -2.0202624141714054 1.5232212645557197
0.713249376044404 -1.3254036639741091 -1.0897769060570528
-2.2369204362026727 1.0285899347027945 1.610697900855031
0.4563741220288309 0.7048424514015915 0.7483277472132943
-0.39226467908914703 0.06892828035941428 1.4495180302470256
0.8389352096053518 0.47555420160918344 -0.07177869327465333
0.030513518957181823 -0.24895973859571813 -1.6071010946691564
0.03867141077252209 0.27159220769068537 0.009644324046623798
-1.5710912634617014 -0.993762048093471 1.3266744231282852
0.7210665489601548 2.2809077323222566 -2.104725975734707
0.9244550825215821 1.9643047297817093 0.718255751839485
-0.3250113939137061 -0.20085220476902443 0.6212925765531934
1.5574021829089273 -0.2518683306043333 -2.181407451955595
0.014254478759491837 -1.5732170536592818 1.4130802128272364
0.06573856118814918 -0.26362984173929876 -0.26365782458535625
-3.181659787511569 0.8870806441006848 1.623680382235394
-1.3376418910671002 -1.691654562680648 0.7679836263988092
1.6620240309700747 0.7493617067309934 1.1615516952133607
1.4925164453305748 -1.1304907981043741 1.1293565131367551
-2.055369940121891 0.057840550088319224 0.2272395119125571
1.9655805658521242 0.1940090768339093 0.6859875438712988
-0.6081543133579524 -0.015456016259902061 0.8747265419956242
0.3215762150060536 -1.4275946974014442 -0.3003168423243539
-0.6657082956686716 0.5028565105395756 -0.9616506706529094
-0.18762707446224774 1.0132977339897207 -0.12001500839814438
-0.6467472187106544 0.39853699598837544 -1.396218038231506
-0.5067248635444357 -0.7926557909899118 0.21425960204519728
0.03892526708478079 0.9996448673093877 0.3890707052680473
0.06712561462603572 0.615157062593912 -0.09396127779994456
0.6484439266046103 0.8470613985124901 -1.1577694429837475
0.4991804200521418 -0.3077068772530904 -0.5136121073882061
-0.3024855591596681 -0.3057943989939481 0.12991145402656523
1.0118500362228604 -1.321027805789958 -0.07202077404934705
0.4728069880294691 0.30120368933776526 2.2767240010225587
0.5219924623099382 -0.35842693882175664 0.15575564557009935
-0.7325209168188702 -0.361352437949377 -1.3353102415583165
-1.0643383568911264 0.8940872949464579 -0.11871245506347351
0.7399940734977974 0.1592795019713913 0.14621676229689556
1.0456612420043832 -0.8373038973625068 0.3294894725732331
0.14881227894669635 1.650852517693013 -0.7522578480725503
-0.49831543742480017 -0.050939615685180156 1.2403193018535643
1.1257676741515177 -1.479186727825569 1.6639975205338282
-0.790636968153642 -0.9175958993942993 -0.08163299372577801
1.341357139124224 -0.8521736085688106 -0.23001320425669242
-0.874066131544706 -0.49021578485149814 0.5185920223479515
1.5650536674386217 1.5630784862450962 0.2577284651276107
-0.47988644902704347 0.5855813961745295 0.47615354312935404
0.10843083975443214 -1.3178226854838087 -1.5419461803882883
-1.104931727235901 -0.9721554489315645 -1.3992133290842361
0.6128491285434146 2.9361966325412627 -0.6845122194171711
-0.09874328023524563 1.0112174817532216 -0.34785701497188765
0.2090521943232566 -2.085215073133122 -0.7880625360241376
-0.6386850522997948 0.3637510073987639 -0.437975295279845
0.670188704470172 -1.643286913500213 0.15802539087685796
1.0646050236215392 -0.33400909119221417 2.6258747888030327
0.8480900310231907 0.8760891325781183 1.4745313405522371
0.48244817402668655 -1.317361413748302 1.7807166509116665
-0.34712191860593944 -0.6547426761421888 -2.905224205306592
-2.0647024019067994 -1.178130278522867 1.6458074066510344
1.1977233637122342 -0.36666211577057434 -0.0804653239726649
0.7395752281186547 1.350348198598698 -1.3270132786628335
-0.5593960860888034 1.4825919517374897 -0.44036178280616467
0.541391006908741 -0.8592090439744459 -0.2801106461214844
1.253164466382007 -0.4809613157173203 -0.3917604090281989
1.6535076007442795 1.6676640660104936 -0.24492345574012336
-0.07833130193198747 0.4174299480639979 -0.7381671412501399
-0.5084639791365145 -1.1702593237883299 -0.2250531410746078
-0.9006054077834187 -0.12507436309063463 0.12797599252841538
-0.36684778497068116 -1.5333257036438366 -1.4387100464767886
1.3323048140344604 0.002969948866584198 0.30758749305263794
-2.149952203720688 -0.5970836186630166 0.8232527588038786
-0.1095497998289909 1.334430832023516 0.6144176924018748
-0.7500700770762165 -0.6201668234890484 -0.24415672632625532
0.5063762973586858 -1.072988358780027 1.1280649846091213
-0.15692207666583236 1.5989905263381574 -0.036622016638335406
-0.4842673016289963 1.8039481814970408 -0.9418770531544404
0.6503858859280959 -0.8753322891604164 2.2960251778074765
0.3191165246277248 0.8021108931078098 -0.9668186718952325
-1.2535015089814037 0.5822870747979405 -0.9172273912629447
-1.7367193058295554 1.9494586924491382 1.1183094040001549
-1.3632668770931338 -0.2939551851790803 1.070016744240184
-1.0523295402494912 1.0254530914395665 0.3698889568017697
-1.4646129785295872 0.7888717513211521 -2.003964720950216
-0.29788719924943663 0.2661013044955739 -0.7151794519330985
0.28669820099577403 -0.23341532414960897 -0.8663880435664617
-0.21862234494219565 0.6056395589436949 0.8458152700449446
0.17106371644696214 1.614616417348138 -0.4933120617701499
1.8155397653473464 -0.5820701794207764 1.2025162956816149
2.031762285920527 -0.3548697234946705 -1.6161528765607873
-0.6276762322993281 -1.9365589776977612 0.9888427504457376
-1.0673224388130353 0.42769829804247506 0.9341307702269169
-0.6920213516683562 -1.741416351896354 -0.03747335750211922
-1.2042871131203234 0.5932513773992723 1.0483454985296223
-1.2372012007437505 -0.08675918122183221 1.053531606123015
2.96629616747329 -1.1258367735565447 -1.2005635789605629
1.7989589403749862 0.9168521550291833 -1.6376794236193983
0.4618085249593269 -0.9706841120961086 1.851223224295586
-0.8933773956791909 -0.09388922185712156 -0.4865393557281942
0.1791971859157615 0.3411618201272495 -0.14415980710003948
-0.4040656335962281 -0.410261261814104 -1.4721044212835617
1.0026986994660534 -0.7815489575239182 -0.4316717029159536
-1.364936325154316 -0.7668404714175053 -0.8334955213526994
1.3710848211139641 1.0281694501169711 0.369621195342138
1.2395116961334676 -0.9331646264627754 -1.3619502963832344
0.7978360476304274 -0.9176262173684018 1.6583694935431599
0.9237656068898542 -0.2408792890137931 -0.0829141709632156
-2.544734747897287 -1.7788436002218995 0.7795482541886537
-1.3142248747632617 0.07203735200765071 -0.9102809139850653
2.2934160185501997 0.7590957843906723 0.5645928224466268
-0.8302312245539171 -1.0094763403860096 0.20786487773097073
0.8053280426936751 1.6727126219873356 -1.0879369931692493
-0.13740231442058023 -1.3137347091690104 1.2160875505539281
-0.6249432160055037 0.9998314254917987 -1.8078967872606173
2.027138834646339 1.059431006383998 0.9093782757332857
-0.8940024255733932 -0.4906395775619254 -1.7616596799028152
0.038210519046726496 -2.32541439903643 -0.061813327103779576
-0.6038001910697267 -0.7620039968971923 1.3928782423919805
0.7785407562922718 1.336807587360046 -0.18042259491163465
0.8770541835044667 0.22414809686283707 2.445522654215895
-1.2904528293821358 1.703941738174025 -1.131342552444959
-0.7579244430903931 1.015793676409761 -1.5318945638217802
0.6284616918757958 0.7532070078121653 -0.9935207139942462
-0.436787567912592 -0.8524002751170576 2.175082093084396
0.6650571470084629 1.2078118452139448 -0.11007295330509793
-1.7158252032059635 -1.201559995606102 1.188695272668737
1.3964241658661785 0.45094311982583246 -0.8010364384579077
-1.8298028663433772 -2.2411367078313518 1.2903225709280162
0.9621589357559257 -1.0453210093983358 0.06225190108609767
-0.14163232609123194 1.8328695613070478 -0.7460493390725563
0.06400177281804928 -2.550639060914317 0.011625677025373845
0.9039818534109076 1.3114040842725 0.3192375805858767
-1.1277608748164352 0.8023358618458706 0.3864146044649852
1.341876951759869 -0.7938789011768224 -0.012809609531343295
-0.613114304651692 -0.9290592682898899 0.6816816463941685
-0.4107259829322568 0.7059435003463523 -2.2591224382437933
-0.8120696337829938 0.049556304533190626 -0.5268829967105232
0.8968907973098816 2.215114486123944 0.35353688342535855
-0.8305681318255453 -0.42061450852905896 0.5254755721879631
0.6785435203999223 0.2575747214786278 0.32025525511238545
-1.4698585306473715 -2.4912146652022655 0.5608630113668954
-0.06295011185980603 2.886428677403631 -1.6647279028088886
-1.3503264517995615 -1.1204490070383213 -0.30350102038047805
-0.6235782795687437 -1.0300874280603485 1.7073553228874139
-0.5735530403415291 0.21917780037196719 1.39311286540203
-2.5377503168416675 1.2562402860341628 -2.5108202619847666
2.6511507386971696 0.06153836738112624 1.5049613597750617
1.2023034497394685 0.47855718906361494 -0.5561741141454718
-0.5204543842516343 -0.950096389066932 -0.27808511078477877
1.5616654499199254 2.020562954523929 0.7989475332588176
0.9207210111317351 1.5199774615447612 -0.46415187137896113
-0.3036700932738452 0.13143405039976974 -1.741663159960154
1.4101041480674514 0.7510248846072498 -0.7800961032892608
-1.4582669534432096 -1.0762605378989998 -0.5990908725597714
1.093617931201884 0.4054096675923716 2.305381987347369
-1.1422959537007433 0.1288771922837416 0.9376882312418618
-0.7367874432175318 -2.274914250340948 1.19651387507223
1.4228851951571804 0.39046012216397785 -1.863713114962343
-1.6977994267667331 0.4480740084867719 -1.1094366253312427
-0.5765216742265198 -0.03466906680956086 0.795524099664298
2.2515786799254243 0.5306508877589328 -0.09465857172144994
-0.6131144572341722 -0.14457781217309182 -0.9796455500349222
1.4595478558794754 1.0091322294831477 0.9185465269872902
-1.3136242876502497 -0.8089626807173617 2.0733050580432613
0.3613513283526117 -0.24396634240455808 -0.6884648552485727
0.021343366329557464 -1.3416429063401922 -0.20448646248983832
-0.392148831027006 0.3969665065708301 0.10286885258051268
1.4906428377094356 -0.4678854379167465 -0.39581450635759363
-0.340093259007094 0.13587604224711705 0.4452480038362295
-0.8095849158752986 1.9329932608907574 -0.8134092338054826
0.7030746666981456 -1.8868913170534265 1.6858402178303666
1.4430220521383545 -1.8389920653940355 1.4478012041229444
-0.44566014408295224 0.4234906802726137 0.0968840546527392
-0.7291114258344613 -0.9242354406362119 0.37475960883703197
0.5518119184244129 -0.3679970698877397 1.1688845303094144
-0.877482857912202 0.47599011463336477 -1.8074314160839429
-0.4257699943868025 0.18189642095811492 -0.35355260917586334
1.5139805260960502 0.5072915813730701 -0.24954834576022508
-1.0403098024059338 1.0047881631371562 0.14162972252906098
1.2666572158177418 -2.1609492793211573 0.25907032498484045
0.9414472080343433 -1.0836873450069515 0.0051548875305886185
2.2932881345349654 -1.2884976500178087 1.0805533558248206
0.5824638326418495 1.137284748332983 -0.7425162477669968
-1.3713523604632467 -0.14127017317860788 -0.4321605723436964
-0.8937563401750108 -1.285350620277473 -0.3858011185510132
-0.6751751289178042 0.624563092153433 -0.7195424861768334
-0.30450033974450524 1.1957008099177127 1.6246644106327617
1.1360058332054148 -0.9722651619305154 1.9739279860063907
-0.3231048182387781 0.5094112885188774 -1.7099705317596057
0.0006325986720800039 -0.8052805645209293 0.8064716571774151
-0.06181398281492609 1.0863329736674119 0.42048306507056754
-1.1523790072293645 0.0427100984391784 0.810743039446326
-1.228337032691642 0.7113229486970312 0.12358584953472918
-1.3340943533248797 -0.7111208967689682 1.1571383390188599
0.1615237085805491 -0.3618308957419695 -1.9749317628107885
-0.5464395278249286 1.4506349692388054 1.0223655639004217
0.1952025506691175 -2.1269973608008224 0.8623225642748782
-1.0103062834421446 -0.6864936784897812 -0.6066813114342062
-0.7049877476434702 -0.293659318553186 0.9087599085606475
2.39304495332008 0.8244862883066624 -1.3936584353144943
-1.0675842464080918 1.9898733120704828 -0.5575442920814703
1.3193991887065715 0.46276131633026185 0.16298575081604155
0.21344264890251796 -0.31336555463779037 -1.2517346347827623
0.5772933865478187 -0.6132591088699664 0.6654374686639206
0.2340179782783317 -1.1393771289117542 -0.41326170142710694
-1.3070251345114572 -0.4545491006455401 -0.728140525145701
0.18172573952918275 0.33687454349666995 -0.13500402412158685
0.6386541013495962 -1.4094843568320032 1.2422539979348153
-0.9598510383268959 2.2466671572637114 -1.8435501553932518
0.15350032589811097 0.9252993096700745 0.7555460012896872
-0.045602618568283355 0.2487829080245488 -1.1929783387983728
0.35919869712325025 1.4784116452179485 0.6569604021888074
1.7827217608353034 0.26664621786666753 -2.403581333413981
0.6985445893323784 0.7947696932200227 -0.591557211158859
-0.048236899121801985 0.5171748674255645 1.5641295951240823
-0.1263845250256303 -0.3598171656898193 -0.11373861092581838
1.3886998352996567 -1.2492637945357103 0.09134843423928843
1.2113939848745954 0.25720564058094636 -1.3600286556389412
-1.0800184147857923 0.6963134553909752 1.3559932182106347
-1.1079548700571704 0.9457975494371769 0.5054756061296368
-0.48355194124423956 0.9404896616746304 0.08908588289759989
-0.1904889307991835 1.5233330767979973 -1.357294260943769
-0.2918998634328968 0.7349042646823388 -1.3901786632149322
-0.22688767640121335 -0.49811050329697965 -0.018726907823186166
-0.7631979830153134 -0.21172692167773383 0.9129686381361164
-0.5488244663220679 -2.030386672770396 0.48300734861819955
-0.4492400751905834 0.23480296721400556 -0.5866104341810452
-0.4509281316489523 0.02650625838962327 1.417550153219562
0.6316859873318321 0.08155271610509388 0.17397131110164282
-0.8137031850821519 2.0381994303779423 -0.1279447876639733
-0.3574183560254314 -0.19679545519020175 -0.06472839059445043
0.3770775287727384 0.2479834254556541 -0.06859190650893246
0.1401061245670057 0.054027206266176395 -0.2262572172959081
0.46553312685217646 -0.41275378700047166 0.7318018384197268
-0.5552643519148276 0.08688503955829245 -0.17829961081190562
-0.5622560690889765 0.2200185258503954 0.07444541716215747
-0.7995812419343692 0.48325240330775565 0.9917680202588767
-0.2671317049991811 -0.16864668859513782 -0.716018775849005
-0.35424084932314426 0.36102513618666504 -0.17179375828994234
-0.3682321483967545 -0.49598545756220025 -0.90169394363861
-2.0249352726792442 0.7574608374192524 0.9412140506097102
-2.848899431983342 -0.06074532598690988 -0.7905368889886897
0.4118984501725456 -0.23842969478530904 0.14792665515883027
0.04660510533187634 0.3835001108380569 -0.7754239936245566
0.6287362841714348 -2.057274610873297 1.7743048520687883
0.37520948594582426 0.9073752727895291 -0.6270487962623787
0.20113125546586202 -0.2147179760596194 -1.1671601962386582
1.0544621145476776 0.13035472049048852 1.3787684047494524
0.4204184434654612 -0.4728521303320521 -0.3738704110013256
-0.19894788145706516 0.4404922893507617 -1.5395523019696435
0.3366914930377787 0.41335972915657804 0.256310143281864
-0.16610104313293445 -0.06852678265422468 0.008396761076253492
-0.4992707942100599 1.9660776281597774 -0.612898705356033
0.05410676117534819 -0.20619946894177898 -0.08649362785273483
0.34133061825765276 -0.046284225755629085 0.6657288227771344
0.30318439151576615 -0.5648059363770975 -0.44465667924086766
1.095485816422259 -0.43754291017842434 -0.5393648740813003
0.5349885802553175 -0.15503678776678978 -0.3138575901094745
-0.8694120593380072 0.5437978776186978 0.9426117838895574
-0.29108216373995305 -0.04333216214861533 -0.6018088122707556
-0.1735158750006619 -0.06585743410961922 -0.033465541360786166
-0.6464699969746625 -0.509909153411749 -0.710576322057722
-0.2871733552694405 0.3725572973942905 0.3284975111029469
-0.0864563057393358 0.15740578746245254 -0.11235413512123574
-0.061084998653935824 -0.6253880885476896 0.5321184998610159
-0.1514870641723659 -0.21396208753210816 0.42689642858357923
2.5722867230182405 0.01664083874062321 -0.7561513174528085
2.6501783467108164 0.22418769118011808 0.8333893460480128
0.8446821854790831 0.31583359118632737 -0.9889026857331482
-1.164299381714023 -1.9499010247491022 -0.6382840771175949
0.24693636080847456 0.00018412009924462236 -0.19867711143580707
-0.0941486529503145 -0.0006555241791467714 0.04076591391250828
-0.746270336575006 -0.11442848081268533 2.2706153585469444
-0.3682477947735409 0.43847847639994975 0.3775977562781408
-0.06673188767256732 -0.878494374015162 0.4726819776977631
-0.13610778589693862 -0.2644531529161912 -0.41468481657136774
0.3184873534412066 -0.00697815495724698 -1.359051499080835
2.1604693739904084 0.20878534499430967 0.07612044973314336
0.42251273681663054 -0.1678610796413201 0.7793942086023009
-0.9486247953958508 0.14687045282197175 -1.4314825727243383
0.9804968816432947 0.6783070265076567 1.535753651961682
0.004515650810792374 -0.6910116010727443 -0.22308324784267594
-0.032443954393467575 -0.1682821790485191 0.8708830493812861
2.2337029363528322 0.024698877114731104 1.2797365422541542
-1.7993635454265493 -0.3521050716511482 -1.7102260036556578
0.3802125846364506 0.21980303132325987 0.822264848127348
-0.327722000988981 0.6440100502699024 0.010745306939115991
-0.37726036904312454 -0.10192501147682616 -0.011831940939498825
-0.8737488745098867 0.4951754280112879 0.34212970281406474
0.3795317099300491 0.026273670944256935 0.09967267753528702
-1.3655550390626856 -0.43808644081209036 0.494405421924776
0.0705241565919425 -0.6953457742403925 -0.7641441731154464
0.5245182895607104 1.5282865843833293 -0.2842703474271038
-0.07786380631542691 -0.7247966422599441 -0.09810955198373839
0.89833703728205 -0.3042485708605882 -1.311669990167383
1.3121948439346565 -1.9126199737704066 -0.9902082146002033
-0.19662837902651809 1.583728103638162 -0.032958102316460125
-0.007418063868474795 0.22775820148955694 -0.44529732843335423
-0.4263291638411651 1.3757260881485636 2.0370499854307265
0.3444098937982338 -0.6970701217096318 -0.5465927422959356
-0.20589791489842776 0.32036737782008273 0.1917913867600281
-0.5337920606169589 -0.49914465670600017 -0.13113858642645165
-0.842128279701809 0.613322111330879 -0.14179885332416695
-0.006028192716946268 -1.1869348097775012 -0.10794530394820462
0.9249875875415308 -0.86125734565223 0.044948353694236234
-0.5434959055917679 0.4050785630766858 0.8331766213093565
0.8009754369723355 0.7710392093898675 0.7914475439716367
0.47730371470543265 -0.32490556235527507 0.22572589709456103
-0.44537547238337255 -0.5818669112508799 -0.7968315322464992
-0.7397461545406209 -0.10010886451856998 0.1056108309463449
0.006654328019438485 -1.0485449861347085 1.3767143351792348
-1.2584618147517037 0.9681305264279569 -0.6992647896179941
0.8773440435158513 -0.3714586635934177 0.12143171884875412
-0.5749286905569924 0.2505364594155133 -0.14142122951170788
-1.451172033509167 0.6382423499186909 0.13553143000610254
-0.18972812720553503 0.0038386850750339874 -0.03728998902596759
0.4757443557126832 0.3900686378128962 -0.6282792599558802
-0.18555722080515635 -0.03837233968270083 0.3533891380498867
0.04790810901727113 -0.33999486629167913 0.5660401817189011
2.037802202045443 -0.18450991112919696 0.46797783565163664
-0.347270160363196 0.3590886123309211 0.7041591491345776
-1.0512331746406915 0.06510073298511032 -1.0010904415295583
-1.1604956069800534 0.7378371756638162 1.0876091756957882
-0.3720971337162951 -0.19831529724469202 -0.34814220829109255
0.24926561448418205 -0.8914186890043745 -0.017270916577771963
1.0887537793504007 -0.6348051200296784 0.28501694791112286
2.3105558507505295 0.10639869507165632 -0.7186985310067274
-0.06150722167926975 0.1023107904426905 -0.3627074353126647
-1.8874288508462842 1.3734342148099263 0.18417747562024642
1.7270285204432125 0.7125420405288347 -0.007659942582850229
-0.8187043525703419 0.05843563768117876 0.8115701208990245
-1.053757386044737 2.8245570351550224 2.439118838689368
-0.05211474644454761 -0.2538087881235054 0.30616091478125756
1.4579476613341429 -0.1483984606051877 0.7079966408146863
-0.04348273787728445 -0.08404616351237927 -0.4070364667203502
-1.2981132914966673 1.2906041140060847 0.008153935981021945
-0.329379202231288 -0.1377613196217755 -0.09162258087710068
-0.6116491354396993 -0.4128811299364234 0.05470913236602287
0.4600159297252649 -1.404116063750048 0.6348379191668857
-0.9315396271084253 0.15059895508479346 0.42738090029767706
-0.6570744689972684 -0.5468395105629053 0.22711843845037383
-0.6265148096980163 -0.31278649064426456 0.36593565110381127
0.42630573379083275 0.010226232378898789 -1.8342461548588613
0.8869380980765437 -0.30901878544856504 -0.8678649535776156
0.5314094012547608 1.4547601880374739 2.2645581410791866
0.0873645541191954 0.010646758689817362 -0.4633456361691363
1.2296577630015393 -1.805460462297703 -1.068023955223298
0.2659203325155477 0.4711317809442729 0.33164026576764766
0.08742181341278403 0.1471734687621403 -0.3945891218421536
-0.7059139877869004 0.06595346381138284 0.1944018919002051
0.22963672503478486 0.6100030399017229 -1.1347978045733753
0.4234330749842128 0.35816497713824985 0.5450785197323585
-0.18681794907445043 -0.44485716595181163 -1.7400997115719279
-0.556808475682405 -2.855475241028907 -1.772774723750901
-0.19200161963142354 -0.09493591820781352 -0.12886898076536196
0.4386205242557109 -0.27433197968844614 -0.07854393154087211
0.2596907080906987 -0.18539108662533987 -0.6971219233372201
0.018580193108383325 0.8259160046058768 0.23185183603671294
-0.28743751511007853 -0.37610392134336823 0.5484089962421713
0.5089312392853134 -1.5492830982199333 0.21776032673090598
-0.05339681012812325 0.12575800695621714 -0.2966278114266384
1.471435199169755 0.37049640456339755 0.3044352774757532
0.15556030739063342 -0.10222046357839176 0.05152928807017299
0.4464916926532362 0.34619585373772 0.02192854097278464
-0.1386238241044082 -0.19632570115456613 0.09747522000433152
-0.5344846967783135 0.8987399811704433 1.3997923779517394
-0.8731230701410605 0.41965290166371066 -0.5117617089554165
-0.3175441220498343 -0.7030050423808857 -0.08149655832458923
-0.07824480723338016 0.2644350654239387 0.09414996340868549
0.4278167730343015 -0.6212687308110065 -0.23856463112286835
0.9060672569231596 -0.19198173464438936 -0.5093268807880567
0.07881072224813582 0.2225353169492013 0.5805449455164822
-0.6375220611681163 -0.3417479524645843 0.7504679981490188
0.2502957498937287 0.5881191461774354 0.123585620320352
-0.2735586945971918 0.19374188462527298 -0.3233685214619515
-0.30321489712549077 0.1518735931846683 0.39121667372655955
-0.41396800984246596 -0.09598999476168528 -0.14497892290531045
-0.013558500074929036 0.42277599402060106 0.7313258484606436
-0.24380999996409763 -0.03625442707806498 -0.10842788106309678
-0.19549472369331092 -0.40688589867759856 0.3638516525215587
-0.35065834721126354 0.6848809980840681 1.559552513793121
-0.041549297038525224 0.09841471337218066 0.21990915606306216
-0.41517486631587697 -0.4260468151559686 -0.007476121996926266
0.26604623456282633 0.029026390352545173 0.08692220244828475
0.21622663447563256 0.1575273418629869 -0.0561158428169235
-0.7777137142708422 -0.5958949131452534 0.08144084321164696
0.34384832912748475 -0.19852643869206354 -0.126032249433363
-0.22311911529895384 0.25266607944783337 -1.1086074411046754
0.7865342718885234 0.2257463403765741 -0.23149751533501384
-1.281292763673957 0.6390226648888708 0.5573080024582826
0.9200046841461615 0.662886480031418 0.05808471563608916
0.5584195063410536 0.321438230317485 -0.12541300032285863
-0.03746531601613551 0.05926518900911433 -1.1710662713956883
-0.8876570971268785 -0.6997610965621803 -0.05456624919696851
-0.051567832608445274 -0.47622019882728406 -0.10826949357342885
0.2139491875218753 -0.6394100207615353 -0.10076345766176653
-0.4408077626663407 0.18754834111661978 0.16126738347393316
0.22282828957138667 -0.3831618447846197 -0.14666843877597785
-0.09863799898312337 -1.0873604936741048 0.1793122641545919
0.1892723049563016 0.7599793197259409 -0.3294907872780994
0.25074514326345293 0.9282861258256578 -1.238103868642341
-1.4051770632734875 0.1549214733577695 -1.0693936500339802
-0.328425580094563 -0.08902019380841561 -0.440877202207086
-0.5105107006698709 0.6349643704887566 0.5380026614906462
0.3755268292974693 -0.629237274980116 0.7351640176412779
-0.23460362277263355 -1.8698424114641694 -1.4234461354562333
-0.3352720442827132 1.1855629488913424 -0.3192006008693479
1.3803317760687766 -0.4508110114934083 1.1275241277884096
-0.2523172599361034 0.3682650899201277 0.21815083353638767
0.22935390872233963 -0.02404232929039102 -0.6041362240662701
-0.04428299623549048 -0.09739499730686196 0.22441987655432377
1.8554302204894537 -0.544322485878312 -0.06718976486511494
-0.6815609750743056 0.2342400629878711 -0.32087546173773707
-0.2051143786601819 2.4467478063614734 0.4394934685724227
-0.15023147631091632 0.21946507134600066 -0.4106246044855756
-0.6350399737321013 0.0043369924827933205 0.18992688239617153
0.7352480255962975 0.41872227676371293 0.210004543168421
-0.40019800284868123 -0.3979430993488249 -0.32419548972430484
0.2929272113570877 -0.7173686600623762 0.8284469645076755
0.7919875179287235 -1.371332123113929 -0.6275703121177904
1.5584290349735264 -1.0862236259192188 1.5038201612231659
0.2019751783683805 -0.7408637041017213 -0.04287440193425861
0.1085359951777036 -1.0331297219007292 -1.6830697777643915
-1.1222639664187954 0.900413825890641 1.6590560844805264
-0.005858458785639599 -0.7703429245071021 -0.5967891703388664
-0.0996792772712419 -0.18004998264031813 -0.5411584033971439
-0.4987565348110946 0.334339615368762 -0.9624726688930789
0.9476921866146446 1.2043950531138414 1.4459254630329665
1.93267036377741 -0.1538784402723359 0.5612019187846901
0.19680701042114818 -0.7925481847580007 0.5768442992908532
0.4041606238771168 -0.28143071493361715 0.8539247953195006
-0.8391030312821333 -0.3569666330183664 -1.4728293050443633
0.12944512861816493 -0.6002577771606493 0.008044974693757784
-0.8400160634669651 0.4131885556648256 -0.9328968227452316
-0.4274541398096994 -0.7988706148962025 -1.336549738857017
-0.3845713043276713 -0.44820265347045507 0.4002768309516487
0.5174039031212131 0.12126284230589267 -0.1669497064480944
0.23762160877551347 -0.0747871764786588 -0.6057175105117059
-1.4712342567547347 0.9865888896435454 1.1525039086692956
1.8849184190320742 -1.0209286248505882 -0.9958639994338593
0.038104057189285195 0.45336359604263454 0.5168076952498021
0.037383978409042666 0.12105257254017115 0.15807769164167507
0.7195713646401452 0.20060964815607296 -0.41832561202776375
-0.4151600826633607 0.06735022775882037 -0.10348963233744327
-0.7612358390101787 -0.6898022161524533 0.1828502781148275
1.0482295653608547 -0.4815534429490156 0.877249391730097
0.4890866846970819 1.1024361062681196 -0.24842539234993635
1.3919141318433843 -1.140343247283743 -0.6201949047714737
-0.33117126527498775 -0.5257533057953517 0.11852201392775218
1.5590208430036505 0.9481387981147826 -1.1664830842617266
-1.1859942562410277 0.3780609449087628 1.3255117509062704
0.622450960300357 -2.05066050739105 -1.3079117179452489
-0.9668690665552075 -2.171143331971513 0.8472403080902663
0.48130527088710884 0.5977795748956676 0.6390479156520424
0.029853267776893413 -0.09876658826975981 0.3973615907190972
-1.3653545592724787 2.5177761044359577 -0.9169511478860549
0.4623817787539234 0.07387323665227745 -0.37580273670219144
2.632455312231391 1.2710538155151068 0.2831450295573194
-2.6218230768108066 1.8738680042408629 0.1965722760781699
-0.1005559039041291 0.34243518836122255 0.47557921539246484
-0.0694782023821219 -1.0639082315555604 1.0954637879216835
0.6160151147383164 1.0762546226790315 0.6055171142980145
-0.10287382091825474 0.18207651131916006 0.2659985098557764
-2.4430666270661683 -0.4003400560128994 -1.0949232422685806
-0.4194661753011874 0.17601076853133668 0.5791495011786169
-0.06178621433208076 -1.4134071742049816 -0.303459147161275
0.13306371852763846 -0.17551209753401348 0.5024289185166644
0.0980824137461697 -0.42358146839966754 -0.1001678050838893
-0.100137613748921 -0.10424764002588668 0.4123948673793478
-1.1255262764632836 0.4901781900746487 0.7804338284953668
-2.2129249446023214 0.7011920731136947 -1.3322695846786958
-0.06478368432269092 0.9321779238476969 0.37054100439891896
0.3478977160381705 1.0535701162512863 -0.11405916471707564
0.3351090998045778 0.19241412835810653 -0.6878315437738142
-0.3504623450421605 0.2323514537081829 -0.5002958737466034
-0.27697460369747906 0.5901316470497016 -0.1385658058020075
0.720845625444692 -0.1025405123237459 -0.24192058581248535
0.4736985508114341 0.5593442636766274 -0.22833870733017397
0.16596095294312005 -0.1906431074254118 0.8887028999276949
-0.3901293379588939 0.2015064488724071 -0.24501725906885877
0.4838488981160748 0.35238824821296344 -0.4565101124161417
0.1090212930251389 -0.7667082235680128 0.3146563735442407
-0.5242948673781557 -0.2490897908351195 -0.13239568260194584
0.4640457448285237 -0.2611012749666607 0.07565984908888389
0.5065848807732192 0.6298734330600843 -0.6867140272061577
-1.941938621266669 -0.6421106597706013 0.6376001062900869
0.34712890135622076 0.7647587135518208 0.14132862631308113
0.7222826426496118 -0.8916462991439984 0.11793758154011702
0.8971889988174437 1.8841953741134545 -1.5340474559751882
-1.3480414083081693 -1.4527013047873627 1.300446553633343
0.6125244097128764 -0.3800986741960372 -0.18297560597473483
0.6858667773293854 -0.22223060389477478 1.0109261772097224
0.27448954197284137 -0.16424526198655262 0.06340830488915046
-0.5723585552335838 0.7745916684587774 -0.16072069522965238
0.18926985874569222 0.7223928542915979 0.3505195478205458
1.4434789970184658 0.8838429500474668 -0.8907738450077752
0.014275742510179518 0.37209640114508885 -0.16609248650622208
-0.5899168670786636 0.039434761043338706 -0.05018718485803991
-0.1974190725074001 -1.452706082229261 0.1175401747626629
0.1265859728592198 1.4636977668452205 -0.27989982696968313
0.400979752702322 -0.23004787384658454 -0.45430745455474275
0.37985518224025366 -0.25806303637580785 -0.09899814188871199
0.07148361533195559 -1.271397151889427 -0.06283962684312883
0.4273686717920439 -0.6594783942640959 -0.543934104752502
-0.7558435862238958 0.9682189727612078 0.4338863630892339
0.174915582480666 0.0965852656588845 -0.026558928035664457
-0.0641465129056763 0.2513950913361649 -0.32247937926135706
-0.09465308003479829 0.22940748553025714 -0.6059252047002726
-0.27516441403876585 0.45504720142324856 1.5243397319606622
-0.5666787038567238 -0.258970663069065 -1.7954470008605086
0.26171042503738584 0.567143141887561 1.7262640251868082
0.10003756157352595 0.13894354146903937 -0.4233066199412018
0.4936839333039352 -0.7967890124276604 -0.28949628308691944
1.661818337279799 0.7218116651891131 -1.1387423957832252
0.2765913387766876 0.32275713351295726 0.18648289761523254
-1.0628415768771675 0.5392344909478416 0.5582151169800966
-0.3505286687906794 -0.2941695591874604 0.3085715103537571
-0.4212374672353231 -0.42972200058356824 0.11656524711901939
0.8948824814739165 -0.18550480689393195 -1.1884791398965673
-0.09993923179737568 -0.4773546011466553 0.4336695939482592
0.18624735286611405 0.11182007355739337 -0.3458676708673015
-0.10149615121626196 0.05065590721479985 0.7102567105485218
-1.4201858589037537 -0.47495378763526086 0.4555423480541245
-0.4376850299397353 0.02214666079854087 -0.004732996464219201
-0.35644043560779604 0.8358480901070632 -1.7671689677562923
0.5975412671478734 0.11503334632457973 2.2874709967896836
-0.01395747023184108 -0.044543245642660656 0.2451673038654555
1.1470511621731874 -0.07353056897811673 -0.331400553299243
-1.072685379683995 0.16709019902687716 -0.5841086424092169
-0.26950866658399236 -1.081101206792738 0.7118818679035817
-0.46064861012734404 -0.16687434354627292 -0.7288883462664643
0.5492798510504302 0.10261584147901888 -0.09999913443709799
-1.361167665589381 -0.11081102526380306 0.8067422767244599
0.43418074676777463 -0.19937765081570968 -0.15087552946779392
0.3660430328901227 0.675618544803854 0.3603893075043
-0.387243851514079 -0.16046300383258053 -0.8516993331658673
-0.14711348017621614 -0.2843909161626749 1.265476086309897
0.2309469787367656 -0.33863950130394826 0.28187188063456947
0.856472432683649 0.0018663824492074765 -0.5926899711993253
-0.37147521180094384 -0.3495550708567066 -0.06969907001279821
-0.30666924510516863 -0.8252233691608517 0.975072272616657
0.222583205739323 -0.15242462053234607 -1.2017562752159712
0.6427044959129845 -0.9237630123863582 -0.07901446633441804
-1.1186191329232305 0.5498592126439911 1.8935033301837658
0.15787620541686279 -0.9483829380223182 -1.892126653325745
-0.2988617684813047 -0.2472689717101052 -0.0841283316501974
-0.1678680378264322 0.5069701565143832 0.8622978618623428
0.27840342474363133 1.483586891142468 -0.1972924525049313
0.35957332760996885 0.07589922836214945 -0.015047586348317626
0.5918236367459964 0.845492884929484 1.1984226454591587
-0.1262541628887687 -0.7831571581630752 0.6758098464270083
-0.14556291649610298 -0.3853072290517654 0.09053194976794066
0.12027806118369522 0.008415475443092957 -0.36665693925108234
-1.1060051592531068 -0.38840861868373106 0.46643642099766663
0.38540249856422054 0.4451761686233599 -0.9275030086402524
-0.27181732181631735 0.12913671346931493 -0.02130586935614437
-0.0685547492926108 0.15115020808013696 -0.5402590344684216
0.5332511885562842 -0.7863865319665047 0.22432564388843884
-0.2994666134273891 -0.3023139979864326 -0.4032172325991919
-0.7496554096692698 -0.22848908979268082 0.3334858572799232
-2.361173180296683 0.5613479236334641 -1.8566477171793958
-0.07685087306226414 0.8679159518757349 0.33186973508333095
-0.23704287946880906 -0.20761381700109255 0.47976657203089634
2.7986612031695555 -0.15989286003007488 0.7516844257243028
0.13578899272279435 -0.4570764783639568 0.3889714868586496
0.3341912657628553 0.10252425949028537 -0.08699587799154099
-1.0739190699413215 0.6626454562356061 -0.782797358400132
0.05312708823653901 0.02759134707642535 -0.4901851781219133
-1.030890827719705 -1.424558980664351 -1.0402292527839707
2.244402187874991 0.5584985571001424 0.24192277551734098
-0.006062409028771358 -0.49044483159916474 0.30045175362662613
-0.5078235389261505 -0.5032379495167363 -0.1467874069665034
-0.5583150661836537 0.9342227356999341 -0.6151915675330074
0.2492988052977614 0.353805202344902 0.5732540638771669
-0.5574881932499218 -0.27748959795723116 -0.16200657109745842
-0.36282855976178796 -0.3206297167545957 0.22855369873395515
0.167845750620449 0.15155815673509454 0.10850851625343487
0.2567821897011969 -0.31420152286026465 0.10709032523540477
0.26606148972501925 -0.38817281118580577 0.1451922393342527
0.7204674686920732 -1.798487083446503 -0.07939176427554845
0.3378515439599579 -0.5085691559652357 0.3070361184499816
-0.20996222907689804 -0.4441382473693658 -0.18681084517187396
0.2842687343670593 0.2312926045467327 -0.04761397988176658
-0.2674960690693505 1.7970831356789534 -0.9672257792193898
-0.11012502177411974 0.5977965890284568 -0.3000229644277725
-0.38524636017922237 0.14356338247033915 0.7545324118283786
0.2066008998654058 0.3327751900710304 0.2089428963009869
0.6969404279648073 -1.015261487005428 1.1954839207965544
-0.5143704156304924 0.5475668238896684 0.07045024196872186
0.7201038126257303 -1.15501271525762 0.30238755800597406
1.0104640391535737 0.01408709400984004 1.0365755418927338
-1.560792729784233 0.4742160781982824 -0.9437968781927878
0.005921251971951036 0.2836136293913824 -0.2037188536116509
0.13107164252437464 1.0497606783836808 -0.027554922468689624
-0.13096620935581232 -0.34175393540830373 -0.1959686695788373
-0.002119072353711957 -0.1424001167767967 -0.36554422885003107
0.37456895460933604 0.7477918736403332 0.8046110265769929
-0.07909111915045067 -0.1181726513571299 0.5198684209091676
-1.1004449303641104 0.3600811825918778 -0.0805893615636637
0.5002047115494872 0.3070097505338692 -0.8448957033292216
-1.1662304956149916 0.2027684004882944 -0.18988825987857524
0.3681956661194055 -0.05984896235344769 0.07361219247540098
0.26535152564063563 -0.029591530767335315 -0.13275602201736025
-0.17133477819905849 -0.7328986239912989 -0.5810989373291774
-0.8777243194598312 0.06122860067141572 -1.157931546862308
-0.031649742562539135 0.7778241785461069 1.6280286382111706
-0.14249291512500722 0.18565856444334006 -0.9853835816001586
-1.245786545822106 -0.6852175896194175 0.9209442813437916
0.1067272889995442 -0.431747055152637 -0.2773394598042314
1.0450916352595034 1.255390015872378 0.9879460680110032
2.459400606323671 0.2108465201364281 -0.07773971413478728
-0.19417401139327123 -0.5752542156435528 -0.35659519993119254
0.6003393256240733 -0.1083885130403453 0.594528954075596
0.4015552644455546 -0.6464578885493846 0.09645024324186258
0.5094314188474898 1.0449001236595035 0.41428210433590085
-0.6472490349828312 0.47132171877822077 -0.3647072056225312
2.929987987059065 -1.3569519259241072 0.828597919531498
0.8571907613931813 0.8476567991681782 -0.10987925243943548
0.29872203206515874 0.8512864958933274 0.5146502464947015
1.1729693819996356 -0.8325498781053671 -0.8578773155277408
-1.9537521094191825 -0.6426856744388919 1.7794958909559258
0.6193323018831768 0.3906480500999741 0.03134045718614781
-0.532818253449728 1.7681786211585373 -0.5692792123638372
-0.09237192297419727 -0.32830476279242005 -0.7921354748266182
-0.3769604833182175 -0.5100419031016267 0.31086439325256077
0.13520709434401207 0.563847416478832 1.1295224074555927
-0.8546892923215734 0.5310730972580804 -0.4033049856730112
0.30724237624077394 -0.8849881902030686 0.21635057795474275
0.6396721361159073 -0.623531758030852 -1.1407945441324476
-0.164589733719807 0.15538072742727216 0.060957846654050685
-1.1104074865155713 -0.6816295175047682 0.834266387622165
0.13826654806622551 0.4049100124143973 -0.17609049398074905
-0.6456832348975378 -0.05800253668526571 -0.002359948957163429
0.08994484610313234 0.11017925613066765 0.0069932369065518335
-0.995346730398537 -0.24666086022906478 -0.12024489371609832
0.35431849384033925 -1.0523432913397435 0.6502546092821903
1.5927153289315803 -0.9150656437089754 -0.8966878169879171
-0.4977376578757488 -0.5418495955230125 0.42147226865987525
0.44684832924007534 0.4430247563859112 -0.2566770383939616
-0.012193643154621583 0.29136995123149645 0.050612891297062146
-1.0604824506486457 -1.6246299064034975 -0.8148860374278841
-1.041493523943969 0.9161639529507288 -0.21928481239378914
-0.16423928303685692 0.2595438212566592 -0.22658651288151507
0.38156579257064754 -0.4106937268100986 -0.32100573494839657
0.3557524680183397 1.8976979596794767 0.8151899559780614
0.6692391098919558 0.7624054833613516 0.31611937125406325
0.2901722897907924 0.5914912900964502 -0.4541402597651656
-0.7095789714692334 0.7318491431336591 -0.046707310311328416
0.41706106189432673 0.018206785024759253 0.4111385311986515
0.5087419295866256 -0.22171348634254068 0.07020013379674275
0.11489246068744871 0.24623037152659083 0.21041604947700726
-1.8972985529065896 1.9961603164017807 -0.6011995807579935
-0.3641071113863369 0.287340318435001 -0.6650178720314027
0.06226101573097944 -0.37403788823695633 0.2399137348364045
0.2216894760332966 0.3296768743276064 0.8594776629054441
-0.32092973165816513 -0.15243961431012312 -0.7753827326522889
0.8187784240749802 -2.9158255493202265 0.12448391137819279
0.5231522058168929 0.12578841812114808 -0.125507750857206
0.25957537018876026 0.010297179556611663 0.1992526183699802
-1.2413350460593955 0.6254805072575444 -0.9278126674670816
-0.9758743149308977 2.0867375092077625 1.0606473632466527
-0.06868322615568975 -0.6340059778659909 -0.45221585434198497
-0.08768183598127764 0.5944033664697848 -0.17359398045052177
0.8376159480324211 0.4098646162773174 0.7743810535536225
-0.3040371232907944 -2.167161688467572 -0.864117892194154
-1.1365686541224396 0.6489279026862691 -0.5956591490466685
1.3225803659685016 -1.5421828076046658 0.6030222270166146
0.8747800401219716 -2.428246758383455 -0.2673840008594839
-0.0900382731869046 0.17328562796306818 0.7074035907515204
0.589468488176037 -0.18015248366857772 -0.1403153093084012
-1.1435411660596282 -0.9321152064898237 0.8567938707227887
-0.3058540175186388 2.376236919376598 0.05308563619326123
0.5454996400392608 0.7892626033941461 -1.018441405714789
0.45237688120652025 1.1619323548062024 -0.26296945793453336
0.3102576827053822 -0.21939563055717626 0.9068971117722655
-1.8536614113515042 -1.6807076837573203 -1.5067967533915996
0.21359459798048105 0.2668259649256175 0.14601667716667596
-0.14097244824271268 0.08045709925271159 -1.075956280606227
-0.8161093756087723 0.35894072847016584 0.49182105690208366
-0.11489443418920976 -0.18426241446294064 -0.07478071346664145
-0.2749201932876912 -1.125457989482419 -0.6952004921472631
-0.27635402107480006 -0.06576628371746367 -0.3784024971432923
-0.28273182152468823 -2.0402122651146217 -0.6593260553593255
0.23031808575744966 0.35868460482233366 0.6294353854660983
-0.4640689139842552 -0.39263230763318396 0.38789621924020884
0.5860863544467014 -1.3768798540561398 0.07206219535718972
-0.19982826880905932 0.20308448783683417 0.18682975389547135
-3.7707610873854747 0.44821627205159625 0.20834492683795822
0.9652747293936721 2.595154400688793 -3.4711563320451804
-0.5511561804257132 0.8756303074729627 1.1786276182660067
-0.9312456628581841 1.3792481535425198 -0.6328427799577265
1.0199039714542832 0.3813279486708451 -0.22725283585165207
-0.4158236683718417 -0.3321107705722649 0.8630249828597301
-0.6482699195957001 -0.08844302323803949 -0.068415780092707
-0.3196955267883173 -0.7424378469938956 0.2318460495555304
0.8075609659921835 0.7545871702186198 -0.2849766416217122
-0.2501792257755577 -0.05450184858087765 -0.39307085395449065
-0.5782104773640683 1.4490276001446594 -0.6533127313495609
1.0308292144061968 0.4610491604988961 1.1068806480609492
0.486349445425532 1.1694907869049458 -0.04005050501437732
0.010252702283397613 0.14512609702889315 -0.17822833385889
2.3628429863738143 -0.5169106004114363 -0.11858282648471745
-0.20680902466729778 0.034959657632426255 0.13315862569274656
-0.062163115579676104 0.45472170224438446 0.025965026162366178
-0.21771691989556183 -1.3396523358713899 0.20160512676941228
-0.34053658670943016 0.5905109203261996 0.06864989641453588
-2.446231587382027 2.261109206840951 0.25770334313660126
2.5932453412572527 -1.5311771378770964 0.8505050562112918
-0.19343253719953152 -0.15846485980081848 -0.1499060193754022
2.1736671707690047 -1.4203912182414073 2.2026537222074634
-0.44741811440529355 0.5092294883957502 0.02815153155907424
-0.016370084128194823 1.2066399996390422 0.21332852220126602
-2.0466731913416574 0.3458647544537327 0.9346843551957665
-0.6711772790837381 0.18129067583252417 -1.9888827141021026
0.34497619887908254 -0.4635991804014988 1.0649855876752155
-0.1926968289877976 -0.8296102939478941 -1.3779399020354266
-0.30841022000975926 0.038220674689218415 0.6305467641606244
0.9125919161481861 -1.1652824269549218 1.3206313124583071
1.8933919381258177 0.2682652797479833 -1.8214626400766116
0.28517516910944635 0.045171171400240885 0.04739436671006656
-1.8223935378213763 0.0006618914638971437 1.8904105819460837
-0.3340099890403743 0.0978987832975643 0.5507317838591991
0.6737077123182318 0.1453520994138473 -0.0776876117634081
1.769291797980518 0.639655037688033 -0.4143203851370809
0.3928748881708984 -0.0652176420973698 0.014087195518695706
0.1010008720212146 0.03650212462780485 -0.3584350311095712
0.0319761904930461 -0.24040240914252892 -0.15795363185031364
-0.22315292775194823 0.13753128583922494 -0.2466686333926297
0.730854329451158 -0.13789536935243057 0.5082644029309014
-0.33954921571279184 -1.6225703893592398 0.6195025128741293
-0.5015757721188375 -0.05815819370833214 -0.2456509956526024
0.14631488623547595 -0.40908895187857935 0.36662076591121723
0.061466687784802354 0.8591205830891987 -1.5010010884915606
0.4160877594010485 0.2889014967271482 0.6494730249163272
-0.859175073895168 -0.6481114504544233 -0.00012609990920453562
0.7155814349185221 -0.2329758190282653 -0.16149715593802622
0.39654015067893267 -0.08929809162622476 0.5747885396623492
-0.04192302614407967 -0.4802565595530878 -0.406041231076507
0.08107910830652715 -0.578590848766293 -0.44462566243255963
-0.1262003484022891 -0.6780992335544771 -0.3528730964847717
-0.010948160984724103 -1.1102351235517887 -0.4556398084244725
0.18754289879624506 -0.23366481146600254 0.5155901292176776
-0.0813894194467924 0.32443621652674587 0.31681920642019434
-0.3070712823497951 -0.2245116888728551 -0.13872719230799632
0.13253704453713736 0.4076929774886481 0.34063595821243225
-1.396488024307953 1.0940755338203025 -1.9200348875363062
-0.3216305038520242 0.4230671454366889 0.20479575276371048
0.46814980260194555 -0.138188787061641 2.1856124581746808
0.038948717758714446 -0.35647148203205314 -0.289488714454003
1.3787345499288872 0.2882357744323141 -1.0663960615828014
1.3420099666146654 -0.9526306769655328 1.9652566374329445
0.1043642377195793 0.002295191470288293 -0.02271886009031017
0.15439433032554398 0.13619306425297606 0.24791078199642325
0.5261613710468076 -0.24994127009820868 0.5454107223654971
-0.04446775594927167 -0.20946278411219293 -0.35720118346702623
-0.7327162083205093 -1.012363607152838 0.7816245326798253
1.1163393750704838 0.8590615585945283 -0.8228093520799388
-0.1590750598194663 -0.11498744674370359 -0.37655543060794316
-0.16095962235346906 -0.188718614022558 0.2644521479532697
-0.6444207439879003 0.640990671065303 -0.6816006159064443
0.46204513755371923 -0.14312997648014894 0.1220238858791183
-0.061809187856830344 0.27018675513083745 -0.4482773199966635
0.0499288938527809 -0.1249875077683728 -0.027020344238879196
0.4675119105629284 0.9001564367732331 0.40372059080688044
0.6124148235801653 -0.8003759617551021 0.7584000566015329
0.7970725036663159 2.4313198632014017 -0.10338191412920676
-0.5782863638394893 0.002896195180403599 -1.1164265686013695
0.7519283155211163 -1.4023132386274724 -0.40480038848859695
-0.5915958799091947 0.2728768202141349 -0.852060618491
0.1612740378631345 0.18723582466782548 0.12027672731900811
-1.498522282354466 0.6160723813361959 0.29651524956157066
0.794917070067145 1.274577927841156 0.2788458459090397
-0.07333993370111452 -1.1275519921392791 0.10724668590436037
0.9570610683648788 0.3090142199383925 -0.587180895859238
0.03518066973911407 -0.7131099549484399 -1.0623675295708204
-0.32215779063706906 0.5881655107491796 0.3591240661092307
0.10108337454024521 0.18938044853215813 0.4491477876210755
-0.510459736820063 0.5553086001195715 -0.48187570178197636
-0.14909616659237693 0.337068747090891 0.4701732748634579
-0.09666102429196405 -0.36051429554175385 -0.8157934659415308
-0.1243029770229547 -1.4623334709842934 1.8360370133139188
-1.4313032608519758 0.811717791887684 0.6107800984904237
0.33567883873220894 0.3225703351229646 -0.8484718766110183
0.013089965745019028 0.16577405811525475 -0.75878921849258
-0.4205324327229602 0.008681622600520064 0.5168471629477939
-0.21186302781145344 0.32884868873558154 0.22200882723578894
-1.9219843452482355 2.6425734786480564 -2.198169105808521
-0.022844774641121928 0.11416626255362936 -0.13095869188396397
2.6583418040928857 -2.995951873130123 2.611723821034099
-0.4933420433646136 -1.049699950823408 -1.3001723683071993
1.1557017736198816 -1.438704356092933 -1.3653022223631903
0.24759020575902727 0.03419889839138313 0.6401066531649953
-1.7057811340087095 -0.7072141549903863 1.257349777282393
0.23348759836976868 -0.7669468538995424 -0.7572387427419955
-0.2597562360659477 -0.24694445204628465 0.10573177869338157
-1.9481390245101051 0.7116564642130772 0.29646023762671253
0.4844172802610124 -0.2671352284032734 -0.49682468102129007
-0.710386499210965 0.2529315942429493 -0.33663617821238295
1.0113350961534295 -0.6040004132884909 0.27044646420926965
0.21738922327494936 0.6252917355220502 0.308458861060688
0.42260910394672974 0.3206833043399141 0.742405292979389
1.7640110641721232 -0.26062498021739733 -0.7153086981125177
-1.8814465130419533 0.623962267738135 0.33762915820507106
-0.31047463796311897 0.18935058724169382 0.44866099307532925
0.04549817267870403 -0.5500881431129766 -0.0073809600553675185
0.7738623252761727 0.5554654933162254 -0.9571081023485708
1.1697732344688583 -0.34051992705612966 0.8413633438202737
2.1034459607653564 -2.6295567078661866 -0.6452059692964334
0.07773659150899359 0.1973311827376799 -0.4862428305128919
0.024103086874252173 -0.8210795881531049 0.7173106279596634
0.2699740659379051 0.12013621845974118 -1.486267517320964
0.5153811902390425 -0.778545046269762 -0.5656711581908139
0.6544715687262864 0.26933839093040407 -0.44556482116988805
-0.5325363029815487 -0.42349278881209146 0.1433891086408353
0.15458590643871684 0.13587656529708164 0.22107951480845583
-0.41957804806020105 -0.4721902294037972 -0.3197741197583582
-2.8552302834316765 3.043884803594189 0.24145408726415216
-0.01996485025135071 -2.0513951068341902 -0.29971658635557824
-0.36566293528755467 0.07938455383124758 0.8656081012168679
0.40029184513573196 0.8510256903754159 -0.044329652157223565
0.6146341486599285 -0.35560344036989683 0.3274945309105919
0.4327547574276721 0.016721357180625118 0.26755677648448206
-0.4825680783381226 -0.20480464083719593 -0.3762945204344
0.4648480921325527 0.45253334688686003 0.9474079209870548
-0.3337549189961313 1.4018218616161702 0.8461259671659102
-0.20093809812376776 0.6841777208171825 -0.15772950100913025
-0.5283679358577379 0.39660723473195064 -0.5086480037371442
1.223769358233282 -0.22845417402423132 0.196757522220999
-0.07474321248828544 -0.42627671747235024 0.5563974673370851
0.004185801183977156 -0.8705568814247795 -0.4973230888869835
-0.32380782532629204 0.7550255869126179 -0.21773119743468616
-0.10207436012010135 0.8591356470498014 0.5476785191589715
-1.8216035357504 -0.6286199559227126 1.1957138291579565
0.16093172868740585 -1.2990625635947834 -1.0642054627004973
-0.5611970006748651 -0.16002104096331615 0.2780884625728232
-0.3602970857446204 -0.6162732706167071 0.34458219981685406
-0.9241523219498519 0.02049007873639498 0.26522256109104453
0.7891693263768926 0.4923081362284903 -0.2758800251405358
-2.3411418886768898 -0.42705929412006804 0.27021387942146813
0.02219782835168016 -0.20323523902732468 0.542226542369986
0.08131603712031521 0.12920255385830082 2.518615313073206
-0.07163173556206731 -1.02650599964314 -0.7405532210114348
0.08792239124980528 0.33776612611618273 -1.6028694851901504
-0.0014721539137616743 0.029955084447123213 -2.3331721119002347
-0.7620673216623535 0.3235852400720539 0.07830747393839425
-0.4571193057577496 0.02318610218596843 0.8615103966897951
0.3644204948156836 0.534956504419021 0.4588478098131899
-1.173113984724855 0.10545770127948671 -0.3031959493511872
-0.2321889540790378 0.583622238397825 -0.44200267811312227
-0.04013102918556402 0.6829296922444648 -0.682284140514037
0.6488330392743253 -0.3920897249220363 0.5480022262372465
0.18252817489223136 -0.5811442808508884 -0.3397782650668548
-1.906072976956085 0.20810100760874745 0.5199675518722053
0.8874659186471257 0.4212514358407719 -1.1276348488469137
0.5895190109410735 0.23483448662092424 0.8891680677684776
0.1321234643873201 -0.748429622283391 -1.0139338701443281
-0.05215382519790429 0.05157066509206637 0.8897210956285565
0.18505194998627209 -0.15927906319363594 0.15283632952931267
0.3964144942558101 -0.6471708805597729 0.2513053246116361
2.055602570295261 0.38956845357225234 0.5728984191605972
0.8558326548923941 -0.05316423659939157 -0.15041136318691137
-0.5552825028628942 0.09587364762410772 -0.36023639131798274
1.2194874668528015 -1.0383021068668918 -0.8948837194576557
0.5841797382926287 1.486841898927694 -0.15729338140855656
0.4953485614549134 0.6555330724422945 1.0267026935712245
-0.0006613427941259686 -0.06108126897347102 0.8921184162189064
-1.4101668805865895 1.0580662564607997 0.053343749891211566
0.24201973888101075 0.5104359038620617 -0.8256928883905972
1.1522727683348286 1.4012229900538378 0.2613997013576935
0.08127360548871403 -2.4507573244044365 0.05142232699984417
-0.002177536454875187 0.06253991376662826 0.29490503612175056
0.6431055720001783 -0.4824565416490749 -0.9769227577489298
-0.4949486688666817 -0.5069233571653535 -0.306814385232699
0.4344815933048617 0.012222996590407861 -0.23060537733934328
-0.1703624974796431 0.737172562424819 1.1756421086023585
-0.9302096698492405 1.1569146748100574 -1.961977270155802
-0.05679577282674096 -0.42283260342983275 -0.4588176712256402
0.9808476365599261 -0.9744277722965203 0.36200589119044185
0.054142324218073745 0.11562309466754424 -0.32780370575776885
0.1301668845612533 -0.6491390371764585 -0.09645091541561376
-3.387309348648009 -2.816642129022206 -0.5524413775591489
-1.0469301632200647 -0.4009252196536069 0.7266400147732645
-0.2192440502846803 -0.3223036516028043 1.1399405139505618
0.0911020673830269 0.3907106865748625 0.05907999711192387
2.8655009847403377 3.170771437007505 0.79910444405047
-0.23622485930475545 0.765518099730395 -0.7200700212871314
-0.3990355105108755 0.6543945814117403 -0.47102228295370036
1.1185104455100037 0.04641812189262326 0.46192225843075485
0.2930682419140284 -0.047069458110144485 0.032249404276934554
-1.1425776520356996 0.0798329138039248 -1.9097147591359063
-0.08766476347783786 0.18232240208028255 0.2756845223708152
0.017764411882063513 -0.415513996891285 -0.1723510315419207
-0.37206862637699656 0.36065024943699736 0.6030550504136529
0.24585049720899277 0.7135953906135619 1.0741535664761395
0.12426631509370409 -0.2157976135944804 -0.23168204834989659
-0.0480138033759415 0.03992939091524929 0.7283222726851118
0.43320042050731333 -0.3894802986003227 -0.6413770102570129
0.7094373257483064 0.24848153319379815 0.6544913711240284
0.19463545693350637 0.049552245109508924 0.1981946122235196
-0.18531821897864295 0.3229004017243434 -0.11385514673109096
0.07818120773293454 -0.3116190146018743 -1.711608552914844
0.6632649036037802 0.3747275389034459 1.2417839942678244
0.17261611487898182 -0.5803695714028803 0.07921434348130929
-0.049959428978350894 0.08295658323933948 -0.1814827190258672
-0.5456572513630398 -0.3608655408018761 0.2945609250493443
0.5205945775153368 0.35029838948140674 -0.3699623094135159
0.1360499744337926 0.7443036262863982 -0.11241927295065132
0.24243733865475459 0.06353285333058256 -1.0792935970030195
-0.4981070711439899 -0.5449133112163944 0.2513603428730381
-0.9113085243332145 1.1385100032448554 0.23757377121795503
-0.2446532057638721 -1.290621037894354 1.7455584648143467
0.49346151136170974 -0.03365866982091683 0.07754671476733462
-0.10811233688493212 0.5044637770934155 -0.4000229786076552
-0.33475880422980436 -0.5527109837936568 -0.3521612860628868
-0.6324740359157781 0.8689045119227047 1.6555500568952084
-0.6016309751104099 0.19478762075676448 0.014083377504965758
0.1436892196056877 -0.23470435830259834 -0.6422074345905336
0.12733355528805113 0.19728482785956059 0.10682679827669221
-0.3346376427675462 -0.14245709755265779 -0.8990235899250515
0.7789795591380596 1.0290231606907985 1.2814530393100096
-0.5862724409796242 -0.6859993000107921 -0.6319369303990975
0.20478994010142662 0.6223266254194723 0.8101542996486744
-0.4515406972218294 0.4189014829391576 -0.3012268343179498
-0.8549320222120067 0.6223055897815113 -0.1795481184625271
0.15520226254750585 -0.1744576258862167 0.433810683450249
-1.0859073035143925 1.0355714480714597 0.7061886711816583
0.37678787367152167 -0.5914959183851882 0.1407580562206976
0.16642036523324333 0.15415044680669587 -0.37444893585190436
1.4470835242592213 -1.633171047114873 -0.9755353660816197
0.36345454267482047 -1.1804351196739955 -0.16849939778549924
0.8395767616343786 -0.5154161332987123 -0.6059580852801787
-0.46071690161484613 0.014341561717857517 0.18260453824583606
1.4840960779850683 -0.4543777564899291 -1.284601812829856
-0.7825908870324888 1.2356795166615944 0.023848279217845714
0.34909955533754206 -1.1594327823354742 2.237200620407758
0.06795696578171358 -0.06372367488517428 0.20591248710412624
-0.28414648474356985 0.12664172531988882 -1.3434306389234745
-1.3098980885296945 0.9563709299223897 0.08102294668325533
-0.10041961978176618 -0.076868983311251 1.3954755802255587
0.057529303446571506 -0.4673356294730253 -0.04578053115414202
1.0570562469713731 1.2969543034165 1.1915275159239567
-1.0197142010032356 0.872509847944234 -1.6850390466646676
-0.6530871264313363 -1.1531931197876764 -0.5715772125621863
0.7780517632177766 0.7457202508710421 -0.30090470841516004
-0.520044656685068 0.37787488387072554 0.11793226643645993
0.08320823663561483 -0.9954158159744138 -0.6593266549603968
0.5115824525569275 -1.0811975920704597 0.3677921986376941
0.05669778463535424 -0.5559355812423601 0.22228951100587954
-0.7808751010452365 0.11256567845207348 0.34529924942908974
-0.13158721512181049 0.94226751621578 0.06291658047583382
0.7757372816624306 -1.9195144670402118 -0.48265559210017317
0.8108115274503297 -0.9075801655540439 0.9942790067068022
1.083193277849638 0.10695885836065935 0.23385100234492107
-0.70187549396887 0.5157924893040611 -0.9892400626281025
0.8899401328550633 -0.64667271162683 -0.3774303105156963
-0.22375155245673511 1.0978837120816896 0.5038747873718693
0.36453823984564293 1.004481250529203 -0.49317911535495956
0.2751257959771556 -0.3979072253809135 -0.49991066690796904
-0.24579309970697596 0.5901322571609725 -0.3172659831462078
-0.2918475812315063 -0.4753504324699166 0.3364558848750305
1.3330115703178467 -0.14798706815252594 1.2921732498816738
0.6147094676171969 -0.3271532771024104 -0.18056753705222386
-0.1438962482913876 0.06483827957504124 0.7663097022581122
0.3496630953820683 -0.061446342017330624 0.5377442649525412
-0.14384123380928612 0.0849392924768628 0.031163185892270073
0.5006596152358207 1.1213679188205543 -0.4810115185930303
-0.6088787717843317 -0.8778092878050895 1.299978357910137
-0.14494409738541425 0.41292484104398264 0.7131616254307428
0.3737478493363797 0.17707787874865893 -1.3130824477551708
-2.177317913749326 -0.591631692010582 -0.19828331569183383
1.083453955190973 0.8476134080421941 0.05012063853503898
0.04094503433621369 0.530510408820546 -0.6378632617558364
-0.35437885603397856 -0.08658660449572476 -0.358411196952498
1.1905669910570937 1.0663234275045528 2.031094240425502
0.1977755586809223 0.5478317097636982 -0.3239461633926128
-0.33667716889342253 -0.42289668923724794 0.15514996704594347
1.349776041597058 -0.5873120277131378 1.069903627545103
1.374938700650432 -0.12082245469214416 1.8010409393070095
-0.4801205791747163 -1.527748476244859 -1.6406913093365447
-1.6766199647285023 0.3271773961497556 -0.39235763728541373
-0.6312647953667465 0.7890567040421945 -2.4962596026889345
0.17180484056316356 -0.21845718615369092 0.4461271404713026
0.32492045420410365 -0.15600418535622784 -0.3844182946744319
-0.6011489755095182 0.23743657179127042 -0.13885263023573868
-2.3335895541186518 -1.2258747723178016 -1.5385686797054268
-0.6023285980185702 1.265860330175504 0.11543447879986479
-0.19446940352634984 -0.35667292622160396 0.5801421251185619
-0.5973775544998003 0.12308323538821297 0.001040174089370835
-0.3146095292607677 -0.4116135800968942 0.3676591023950294
-0.20826512541883335 -0.34240730620183707 -0.06464152483972574
0.09452920191170477 -0.4771452652793102 0.2437088883757491
0.22396860303868157 0.46499446044455134 -1.115322969394519
0.34960091577324776 0.22688291486180082 -0.28122885901438543
0.8218797703927434 -0.8710755707096254 0.2841308691306946
0.015490480055213418 0.45628364903006063 0.29691739981953247
-0.4607073102411669 0.4391150026594669 0.19317139030105684
0.8743411912702818 0.779168242520384 -1.9516347869080803
-1.8153944685149528 0.6042752207433276 0.6955093064744252
1.9921280344204053 2.0791490277660927 0.02601787155750595
-1.1511818376437448 -1.3479968417165473 0.7406569093163924
0.3823236826853901 -1.3835857826724611 -0.09624482957768188
2.0904157389659073 -0.10124754838617536 -3.2041173882697103
-0.11537788306556972 1.463043380206929 0.29424772304954777
-3.1599213971509736 0.8195156591255311 -0.9030781513164554
-0.15441927049801007 0.3611754661314343 -0.27800538553961907
0.7072614351729438 -0.4909586210604875 -1.235586370738881
-1.7107719969228574 0.3220553794416503 1.7564561191108234
-0.7316308454176845 -0.438759098579273 -0.22623281116013236
-0.6733280947798154 1.8225836809487281 0.18608166109753113
0.781773727174907 1.5217700229396574 0.7599226482035506
-0.42186373354801565 -0.056162624856666774 0.3305762870282769
-0.1558289008338208 -0.2759762033882658 -0.061440942986834286
0.2828475753757946 -0.22749537654272795 -0.7254385835862829
0.5286130171695425 -0.7784734867703129 -1.3174210686441428
0.6823479532079633 0.0468029074000893 0.8938461551727118
-0.27299243671225937 -0.9600173508125092 -0.6409469288724996
-0.49681209247944913 -1.215003271104652 0.10081631809582339
-1.1777073064552046 -1.08521478883508 -0.9934933852782981
0.16012922834590995 -0.43206771823507995 -0.4275220657021134
0.1488395680196 0.3965139758010252 -1.1414723407019651
0.08631116677458586 -0.3499001218222289 -0.8855624190081273
-1.5958592859078902 0.08029952334007347 0.6197771895465469
0.2075929078150419 -0.6074052550694026 0.3823612381863674
-2.8989867258493973 -1.5352995297345016 -0.5501852336200086
1.1317070837477043 -0.2544440506165494 -1.7318067625712628
0.8047327022018733 0.6864515123445283 0.404191055210942
1.804893658111473 0.8881860349867468 2.53901110337508
1.3329567978634844 0.15838683337096454 0.6475960387293609
-1.9324440089164938 -0.5142198612329661 2.9475433090742755
0.10265124230772601 0.5038692513776348 0.05141197677498027
0.5023940587997373 -0.09041252756405616 -0.02545996781055429
-0.2884581153126259 0.6126683216472452 0.24381566182143838
-2.4193983840784545 1.451162798126544 -1.3905136782601673
-0.4874587565939531 0.1066389693999662 0.3831420528609526
0.5774302219782024 0.7572863565752823 -0.1585430588331671
-1.1057007482948782 0.7166457620919201 0.3588453415090133
3.080967273090223 -0.08811385186566903 2.224953919243569
-1.1947779686923021 0.09872961655710569 -4.394659588226911
-0.5945406256088738 -0.7199797014787583 0.2873955054101021
1.6066766531443766 -2.0005717100742677 3.522998992993395
-0.5618236332582606 3.6305103704222574 -2.394474552396837
-0.3336095381195041 -0.897264351408267 0.26154443887049844
0.3964717058566978 -3.607541962162125 1.6184844124793951
-1.6004034448200748 -1.9251395313979787 1.2012719794252784
2.4430123627489526 1.853027121838602 -0.0888036842100044
0.2628798351647783 -0.38608169009432064 0.8254669317309763
2.0522475583361373 1.3502227022085118 -0.48911672266882444
-0.23554377940772336 -0.7137789855377816 0.31850468688288636
-0.6247245584347978 -1.1367294716016558 0.2821008313524178
-0.10505601503029409 0.5037818628329962 -0.982302599876298
-1.9621050898667751 -5.78268193840717 4.308394845525359
0.6497731205936732 0.19190346536460265 -0.05626678627134949
0.30853049310481395 0.23921955630362104 0.10786845019116434
-0.8456569187176628 2.7919708497600375 0.5678371729116836
0.24100400102984149 -0.18428755537886454 -0.05585329724250404
0.08180778175664305 -0.486675483126758 -0.039704464179474666
3.0005946554153464 -0.8832502680794387 -0.751995614592584
0.39241407026819547 -0.6647940422594456 1.616418044698618
-0.2030827180019777 -1.6856553657265299 -0.7112903165395272
1.3287900770161432 6.470172096025483 -3.5958923923205894
-0.5044408921306264 1.2279875228094823 -0.5089866705237716
-1.9496357105648994 -1.3077588166137137 0.6646309001315627
0.5739538879689039 -1.752053720781398 0.06581077215231466
-0.0050955532610759136 -0.7083672319984753 0.1686434105421506
0.012380572253172973 -0.05593268842816737 0.04108630756794368
0.6735405684961757 -0.46346188449889136 -0.419041119270458
-0.15525656731233373 -0.07488501699344494 0.03706295700040002
-0.37159019223760764 -0.0005824009227472296 -0.5370711020628406
-0.9953726801564138 0.20974929019285893 0.128557755601527
-0.11493179044676749 -0.519191144661212 -0.10132460391545955
0.020509760816985315 0.3758375764224297 -0.0002749967912542006
-2.0555862978044903 0.9068249834539558 0.37031667668904594
1.3152491224244944 0.9418259212206276 -0.8121423475333209
-0.4513318688946518 -0.4380318130140541 0.6641878470993736
0.7312036263866377 0.42417024039374346 -0.49622784809292164
-0.3820625377790072 0.42646345158751336 -0.7575740972818329
0.06006702311320572 0.19062127643267968 -0.0914108947934047
-0.03398887728443267 -0.8003473746358974 1.9881492548072197
0.89051845508277 0.056753636931210744 -0.1472382758554709
0.08009987443219034 -0.1789585019160162 0.2815268057761466
0.2486197409896746 -0.5427611763901204 0.31055961202065246
0.20262378995423685 1.4500265856299182 0.22275451559499307
-0.19139575275166845 -0.20000539918611962 -0.019757206009409695
0.7468323806603073 0.3438206990306603 -2.5559625448905963
-0.21346660078721896 2.095759524430431 0.4365721052703448
0.06252990767885136 -1.8934353760303715 0.48332316754611054
-0.23932776704600192 -0.3565863626610669 0.24596685747156322
-0.7531291928629221 0.69353881780587 -1.7065272179910878
1.1851541485077681 -0.11063187392721097 1.2722552450783313
2.100194992497648 0.7393597055028359 1.8699960000514004
0.10794388522224604 0.19470620120541926 -0.5977227118089834
-0.16169367173596355 0.3503170107579758 -0.20947527650721945
0.5993605254054876 -2.1941616192130624 0.8833715242004598
0.5611002288360498 -2.151769006363157 -2.1087143810729945
-0.21244161080328156 -0.8769364302476512 -1.3634465153858568
0.49431455625047127 0.2622606449435778 0.5710648347782812
-0.9770875461650494 0.6652897656239622 3.016322514586055
-0.5491362797126309 -0.17440683795555015 -0.25158556897001155
-0.0865802483077569 0.010316444733221419 0.16725418042112755
0.7807222273555972 -0.49606389404806295 -0.11358886841869803
0.23496894724664152 0.6086996931353955 -0.045333194877326566
0.8641223328719189 1.0038364756326004 -0.6707610260164794
0.24338559378083433 1.5656951290894994 -0.1462237025636515
-0.39526001243274733 -1.7349805299384546 1.4504176139000688
1.9640365243589908 -1.3436974915027022 1.2320830765326025
-0.3364960802559491 -0.5385197806624868 -0.08792900518708631
-0.2888423169750573 -0.5630561748161721 0.4445400188583999
-0.1364727481310188 0.329945804251627 -0.5915391948645828
-0.5260301574412043 -0.5623006626669353 0.6668440422497057
0.8882591292453157 -0.02526093958902942 -0.8994909538339992
-0.7461796061223861 1.4331714934684454 -0.21266715874683106
1.0744351133016852 0.9361599254227687 -0.5735136768426194
-1.2063779063829914 2.523287085310271 -1.4067227414696533
0.36310141036410637 -0.6346369444671285 0.5160433349109379
-0.2408655894840176 0.028983616745329024 -0.7082245632294958
-1.2101846236156624 -1.622884689797298 -1.4221292290324201
-0.03493112375196111 0.4905976565390861 -0.1527409311843193
-0.1406333871344037 0.8529943446530639 0.4902810705221617
-0.49703076816135827 0.048965497893021855 0.34949985400530886
-0.18262787549237747 -1.14306576245503 -0.48472073328010773
0.14820641315438557 0.21114975711661255 0.3130109639409588
-0.1183404186508108 0.972743221670336 1.0028337218676528
-0.21570455068363314 0.7461096311966309 0.042615071786511464
-0.5479059358963696 0.14676291514857012 -0.19751365465715096
1.1830553655550802 -1.2541310477273342 -0.5585804354631476
-1.4704263941595288 0.9670006754310754 -0.44520630027859387
-0.5968980010322831 0.3073032793082363 -0.39621110967352813
0.2191202582087542 -0.4525089763301443 0.2217135586865991
2.148708961319385 -1.6346292569240513 0.3827723379461615
-2.180904434321946 0.2963449329103571 0.3170440186094326
0.3810322764307375 2.5011458587954705 0.05846305516085963
-1.1130161162114984 2.0083034185695277 -0.784536257724529
2.218908612054891 0.4425200843717396 1.0047974395814454
0.8174265226310505 -0.4743627926744748 -0.07548180104255095
0.19023236787095057 0.5312205940645853 0.27596472793891097
0.6025570965290877 0.27409776970818417 0.3213472789341074
0.28984934516111954 1.2533111315212888 -0.827028861107729
0.3664360710669558 -0.8304422265830861 0.10855405149230357
0.42203565446208163 0.27099451609861724 0.6003427540577178
-0.7037127176155391 0.07951746096317545 0.06227602242868237
0.34759888951777695 -1.2309364517737778 0.24502385915388347
-0.2796556953096418 -1.3583152288725995 0.32817552714790266
0.26540738203426795 0.051049215641596785 -0.1294886176066528
0.21084749062137376 -0.19428358532231377 0.0008132886149512242
-0.8728488201489403 -0.32317049105585016 -0.6310588750558239
0.28928567496245333 0.10740795532957523 0.40210477773966324
-0.19775641032920563 -0.08871462230549776 -0.15881753617604227
-0.5017370524382399 2.7578161367400633 1.6216252123653103
-0.48913864280727215 1.2014936918018913 0.7725923512253573
0.23355311277268198 0.5266068885344697 0.22835486688075135
0.3840661787003708 -0.42360234496579335 0.2782016971242836
-0.2446995125662443 -0.04009719479069808 -0.6276774804372789
-0.2846818411540328 -0.07953937804800479 0.34657133616064306
-0.46095198735597886 -2.4759732227614566 0.35513238576409445
3.5593302276807446 -0.8193489818309664 -2.852058366788871
0.18475825667628587 -1.234209036603567 -0.838185376544181
0.4050980273324776 0.02227625797998306 0.512356971805126
0.23431897305891466 0.3816960180324514 -0.07250311168140526
-0.19707284612560627 -0.21957532977859912 -0.5657358028994535
0.1184899684173914 -0.4408713784559661 0.19214049473551487
0.033731712626503624 -0.2926555304218832 -0.39332973533419924
-0.43155312613393493 0.03174613091843509 0.24167209027981276
0.0006463053237445726 1.1398966193129279 0.9328226071513411
-0.3465732770139286 0.261347207159289 -0.24764279033853984
-0.288312877722894 -0.3274688964479613 -0.23110528078621279
-0.06005760729762996 0.3901094838243142 -0.3668576900546208
0.3402990857094238 -0.016632473659647175 0.14852165902006603
-0.9384469621442814 -0.24484822640806558 -1.5375998629299013
-0.11851129714950592 0.10163798781427566 0.9145699419896238
0.5988552658791937 0.7347443672954397 -0.29563035434830126
-0.31644362657641634 -0.48094855157263783 1.4517638858038395
-0.35200013575348515 -0.4925625583232993 -0.04821515534164503
-0.21363048995222084 -0.14967657674596704 0.03247993022839757
0.10236295455656111 0.048265334968761106 -0.610736134940042
-0.5028215202578312 1.0677448685108497 -0.25397177468915116
1.3088092915904834 -0.06104724715985821 -0.5821058504088942
-0.3268696352097259 -0.17718567525188159 0.6381974295049457
0.660165616842613 -2.1948302704728757 -1.7467939993312285
0.6028445968284527 0.16230399177016258 -0.6488213744905883
0.8972542030084439 -0.03857261166604725 0.036935738489593556
-0.8932562257845773 0.893009848084269 0.020825602319016923
0.14940971635078323 0.17934961480754977 0.38944486076470386
0.08381685655842838 0.07837137931014823 -0.18641170583743363
-0.3248907487755609 -0.4254281460313633 -0.9069793212487047
-0.21155105226903456 -0.18952492569750956 -0.3840824238106044
-0.19537192354452487 -0.06244536747361873 -0.2377150690406144
-0.3914780087638965 0.7556055670834648 1.4690029949512688
-4.3450433324140585 -1.095699682525379 2.727963701354155
-1.9737810223152934 -0.044351955837448775 -0.9056769007387273
0.15503324341033164 1.7530137521129703 1.1623770444245514
0.03129359912938995 -0.12821083154733984 0.032766721628964324
-2.982182339570242 -4.226129868581464 2.2665774846417435
0.9175907726336594 -2.058539065050315 0.12059813858590296
-2.1146226934781476 -2.177855662416946 0.6892391412066955
0.8037420580383452 0.9308367531491518 -0.7741022649161567
-1.0487264858598728 1.3089474542846198 0.05215475302163841
0.09418165493024787 -0.5431621877039361 1.223782872881543
-0.05312202346761117 0.6345616270784967 0.16928215284340312
0.056261644955027446 -0.32064746387776155 0.06306253031463477
0.26571257684077454 4.909294087883503 2.4209033595810627
-0.9357787586235737 -0.13115723842438698 -2.5256484422917227
2.028362724131949 3.4850021821335733 0.2233122065721544
-0.38869467909307 0.7548046050363736 -0.30131011510252437
-0.39053810381608434 -0.45172012708780585 -0.169098488940146
0.27040514176913133 0.1632477952366609 0.5026372706065322
-0.2612486124001223 -2.2286039807955977 1.1033665879104704
0.06914882168571285 2.7190473245178803 1.1222526051311492
1.291305804619981 -0.47624464662431476 -0.478631410906336
-0.07007638251825442 0.9019260062265984 -1.017062224236426
0.2272414936242715 -0.30305554307799143 -0.308054727562195
-0.25520493100900743 1.3602127072222872 -1.4945527218147023
-0.10088301156531884 -1.825702349320471 -0.7176647362395456
-0.15974750218987063 0.6249073748381064 0.5809009390667055
0.10649323500769542 -0.15151891978357734 0.045802670647916
-0.4122311284517611 0.010586167120450823 -0.6899066968262126
-0.18685132195066223 0.08075425593274785 0.03292451412820984
0.8178304249313653 0.31558386913799485 1.2984908206639776
-0.10866275587449174 -0.30569841141387794 -0.17719490229034293
-0.3831509836442182 -0.9049395057097683 0.14388564341142657
-0.5920404104435184 0.023669800726242588 0.19505414797037077
-0.2603581382099652 0.5721987786429991 -0.3797512663279167
0.2076290645074817 0.08463403483035475 0.33424833233972806
0.7474158287103332 0.30665763406259994 -0.811103913789398
-0.13426392106992957 0.1815759669909745 -0.19265523387547373
1.6879742501573494 0.5113409749151268 -1.5807971437132193
2.0860839495473806 0.7664922046101722 -0.7342665909014603
2.9364324021456607 0.47390083178892217 -0.36703619097416124
0.13564813388718308 -0.31204037936330103 -0.04674356867692658
-0.03052603784389936 -0.14370275767756696 -0.17617107884027017
-0.006296561260517128 -0.2525115388013787 -0.15072202628832537
-1.861378174722855 -3.1584309948602147 0.2618632904078883
-0.3378569679863711 0.902977582924971 -1.8164119432569548
-0.19191199395713798 -0.262059272886066 0.36382150269007174
-0.10314384769175099 0.27985268663895146 1.385340272748886
0.7640664260500775 -0.7172918546502381 1.151614533289767
-0.8063494646610853 0.4031685688087811 0.29258552873358734
0.2307609840674507 0.14077918158170974 -0.3642731200065622
-1.9843136773559424 -0.1281770704699323 0.4989814504112387
-1.8885925599242357 0.026713237732091215 -1.2813482344245326
3.2089333738388643 0.6495936311045182 -0.4701933160939651
0.9755299095224864 0.04328175938647502 -0.15872222492400287
0.5629689358059742 -1.1861073861928928 -0.7284949006428527
0.09365010610421867 -0.2589269318832784 -0.012096258196799187
0.44907674000993925 -0.25717997594836156 -0.6895358620578441
0.019167821259338372 -1.2567528060990458 0.23097625901751653
-0.6414382491177535 0.12169244958700823 -0.2985948305731509
0.011283130886571693 0.09685370185653427 -0.1405382455360522
0.30487150255484263 0.3286467372355011 0.7702690414241327
-1.1419831247445422 0.21023063325377284 0.6077866699559206
-3.7100817895941534 0.8431161448375031 -1.2829515238354
-0.5400307284570909 -2.267462971014473 0.5805778106071209
4.499972628105308 -0.441920806326875 1.3138748079354
-0.2226997847237251 -1.0632530482234688 -0.5681921516482897
-0.22110132624381645 0.025143835390416563 0.17837547847148516
0.6054732809907005 0.4918545448793533 0.11771295547640309
-0.056784304055246176 0.5160837953268862 -0.548642062932362
-0.9405510266527829 -0.3339691310039021 0.13755463902805123
0.47343048920684694 0.6878441129451007 0.58347788877631
-0.06020670601691322 -0.7482050486263924 0.20288826975472385
0.5974679200597675 -1.7232642499499509 -1.0817650100629632
1.529522711280514 0.23496291701591665 -1.1851082231780827
-1.5762955878803628 0.0433854179857551 1.2683944116065433
0.3252855083943547 0.6615034215631548 0.30154422448662566
-1.1555311068028915 0.15681964395510772 -1.1164133752074676
1.3646172707893771 -0.2339295708845726 0.929911903036665
0.47487397738557857 0.30594098805868164 0.3004810429524153
1.4821944811741186 -1.6456231901642364 1.6598747412710126
-0.2545580129412716 1.535609467173291 0.9076508807386879
-0.4434317940592851 -0.20580942173806116 -0.1629774368545795
0.3698158703937277 -0.5141069379452282 0.04278299717895134
1.9285011894706992 -0.229488424204997 2.6194790024077563
-1.2832306235445174 0.8735563220238173 -2.0738027097468734
-0.4557607880584303 -0.42282544127060473 -0.8169569620502083
1.832102011700055 -0.03762832440367115 -2.330458364559092
-0.3509490640561317 0.7240727042349615 1.4741040169271342
-0.2635779733418271 0.5566310801204901 -0.03237217552410107
-0.4189363822601239 -0.1008970053330549 0.14335780891741784
0.16657497289260922 0.0033389970623135257 -0.4355102283039038
-0.8459191038887894 -0.8599942542706035 0.0961249160951987
0.749763684315779 0.4779170726421861 -0.3947343201866637
0.36312796866369673 -1.5710591999464834 0.19651475473515617
0.25682256730510883 -0.7307245459221443 0.5551209295676898
0.5015184871464284 0.5702790877242262 -0.3211118175073679
0.4174851618727176 1.4830862023981801 0.9324805465736307
-0.20307111995453986 0.41899663497331224 0.6158568496516619
-0.8704637990298424 0.5764731305989157 1.5636853607535428
-1.065108952977988 -0.46118558422855194 0.9854772606995684
-0.11108961959706236 -0.22902091430623756 -0.1586210353080733
-0.9919571239357455 2.3814127531719596 0.25915070116832306
0.4857448736406813 0.40936333898558475 0.624484409306205
1.0286457345825273 -0.3022849518178118 0.6422663082159957
-1.0117771303035286 0.3348349008598605 0.9930379669914161
-0.7548101369735195 -0.1970800443369709 -0.19352314065320073
-0.49736273641452095 -0.14546021135813245 -0.1251610500471914
0.49569028851440866 0.5493699520836881 -0.5255952204019503
-1.2238477048394407 -1.4100338493733011 -1.2489090471491466
-0.6674352673946491 -0.5349499440987153 -0.4589529009149207
0.9977769340964536 -2.3163575310701714 -1.4864634219649897
0.7858076928386055 0.6450089664076963 -1.228040714118875
-0.2544269871689723 -0.13524291763391308 -0.1534606305728595
0.019208215399922395 0.02254284718328376 0.6429791555783938
0.30526946502390445 -0.029172167619717748 -0.3201738902304485
-0.614849265296752 -0.4816341884469203 -0.4321308460981928
2.641363902502176 -1.6817075922656863 0.5748484182681405
-1.5485803126659823 -0.10847660360620853 -0.8599392195675389
-0.6055460037144115 -0.18125760527042759 -1.608027337066911
0.08056104987292462 -1.3241519110809645 1.8211107746267474
-0.2362683922551037 1.123089386953752 2.1872324643766157
-0.008318190980458773 0.5152817634649838 -0.02094759240501605
1.0166585247343771 0.39690870827175906 -0.08212606995442737
-2.139233956280449 1.182452290882283 -0.9830778705928288
-0.6173194218980572 0.0869483196530002 -0.5795240083318667
0.9551146092782841 0.5269583430748619 -0.23008233012184304
-0.3315381820088304 0.9154071788066573 -1.2433008126310798
-0.04593665844709114 -0.05130179994806833 -1.266790225792505
0.09805570313671573 0.577017484477735 0.7149311240473522
-0.2351954600790667 0.2850092660006699 1.3492673753009643
0.0735277512468358 2.1811750440323068 2.1049470371148193
-1.1451333871683311 2.655328503973081 -0.23874958276028324
0.9491772090933848 2.548973597737669 0.6553530442895465
0.42753919770894266 0.3460802507111077 0.7642587850998867
-0.5264035421435773 0.9746431600665048 -0.5441121413934372
-1.6567872896058078 -1.5511586714816674 0.559942384665335
1.31969154416167 -0.36965642084205824 -0.5432527077118523
-0.331861549760186 0.1573093767890943 0.9135881458893107
0.633824173679191 -0.4033692056364565 0.019049019739225757
-2.4518362296610365 0.7046503219036913 -1.8215264389568355
-0.44026599414021833 -0.17874348133644302 -0.02795652726448339
-0.15729341276620445 0.47627635899127313 0.36770580959919663
-0.34769933550756854 0.4560693358968027 -0.1546435337472053
-0.34129937171572755 0.40471382404249934 -1.0840666470105598
1.3483022682641996 -0.5058104588570976 -0.3088137241459394
-0.6104982005040608 -0.2598007014800891 1.2257424534045034
0.12276955860667185 0.4117819025850196 0.06135132615267379
0.19816341431073778 -0.40540661905630415 -2.0393049683022593
-0.759981413114831 -0.035165122955319705 1.9265846297156566
0.7518842697816707 -0.06752311715476866 -0.188149707762303
-0.6642437478194452 -0.037871709307707196 0.2655618036369664
0.2249806456520416 -0.43772203395411735 -0.9853013863104085
-0.5759688237257112 -0.37111167379046717 0.34625157583165944
0.5574296467329476 0.7928967446255853 1.7330270344974186
-0.8689227661686949 -0.3349269426722325 -0.7273776274198633
2.214874408875841 0.08486984714257437 -1.0231716512636582
-0.9565371316903732 -3.6808369498624334 -2.3800833474795966
-2.21818958109151 0.9227185631786796 0.15687531833379195
0.17129556612198968 -2.0526970016888386 0.512569477208432
1.4418623149446985 0.18748887409780993 -1.1609947574837771
0.3050541127426408 -0.8591207035153362 0.41655098120364825
0.02575569316520701 0.3190989945092152 0.06524358517083395
1.37493946753527 -0.6562100368441722 -0.4548462022247222
0.3674936892955621 0.031094074057274435 0.2039523891901087
0.5635195833344349 -1.0127896811762738 0.2251278900866281
1.628366253213015 -0.21834029960362164 -1.8899047568494385
0.06521768165934738 -0.1009036710807881 0.6078311594729062
0.7839795037842847 1.3033863711760507 -0.7325361061314404
-0.1685199657561719 -0.9302875828515809 -1.8563652058238365
-0.2816443655511023 0.5568981501538388 1.1147246840543201
-0.42577545427233104 -1.608285875349216 -2.7215117312825847
0.39746454135767006 0.9173295229366356 2.240237300423282
-0.5825421942958535 1.4056120893232928 0.9949831780513397
-0.1918318069873797 -0.1700555692679947 -0.9173641640475548
2.64751211915405 2.8160978779859818 -0.43097151899907804
-0.43623187349217396 -0.01366593621434041 0.6864989720350114
-0.07897973613514414 0.7847380506637431 -0.7076506226948192
0.3424084033705552 0.10003936918116815 -0.005601395589586694
-0.5254662378789933 0.03082745126024289 0.8942096280607732
-0.00888096626823659 -0.4665769128752353 -0.2646746078881973
-0.7097014989973589 0.09981674636941609 0.3766199967228791
0.27278500680116874 -1.2557426882765634 -0.3096366336452186
-0.4130256302164176 -0.2723938722023479 -0.3440561618146326
-0.8641144807978356 -1.4386238421421045 0.8958698784496016
0.5160919264605208 0.7828001314185172 0.5829071023989582
-0.021291614105951373 -0.5920026301909065 -0.029446102255684267
1.2166188234989743 -1.8912082756430166 -1.7370856100605625
-1.1337469527900275 -0.35636703678054266 1.8743820322193985
-0.7128244626546081 -0.42571650778978 1.8251786315342768
0.17817433479236472 1.3054017951683714 -0.9499574679164553
-0.2309214677490396 -0.2649241394589533 0.703714635303625
0.3831385289339274 -0.41982748548446386 -0.04784953022786809
-0.43022569366884245 -0.39828273915488077 -0.043144698392836175
