-0.003688261883339372 -0.0036882612204862386 9.885358503991526e-10
0.003688248643449358 0.0036882499864366357 -1.480891814644586e-08
0.0036882834144752186 -0.0036882642688961798 -9.22248270113224e-09
-0.003688257271433744 0.0036882774724890655 2.3294374151827668e-08
-0.1037028652815963 0.05027046553240268 -0.4596203194558369
0.10370286168637177 -0.050270472586767055 -0.459620326784029
-0.05027049591295482 -0.10370284076132466 -0.4596203251014314
0.05027046765117622 0.10370286039205599 -0.4596203547959755
0.05027046755453113 -0.10370286170519143 0.4596203241499973
-0.05027047028860554 0.10370286990578566 0.45962035053272515
0.1037028613793918 0.05027047104342056 0.4596203254690635
-0.10370283969146524 -0.05027049378992504 0.4596203257339772
0.09304415846943184 0.09304415686998899 -4.06332056890335e-09
-0.0930440933721008 -0.09304409033521265 -7.475958248293058e-09
-0.09304406425440026 0.09304409791189486 2.098821832996478e-08
0.09304410074230635 -0.09304406142144578 -8.541844898068973e-09
-0.18244199375391745 0.11415140334545466 0.6529024848950931
0.18244194884845205 -0.11415139793483361 0.6529024966307311
-0.11415129089102494 -0.1824421526099262 0.6529026348979263
0.11415133278461878 0.18244204596629668 0.6529026189490494
0.11415136468614676 -0.182442025096017 -0.6529025608486736
-0.11415134115789885 0.18244199417730578 -0.6529026065229764
0.1824420007767062 0.11415137398434387 -0.6529025270202822
-0.1824421228783179 -0.11415134485784953 -0.6529025418879644
0.08416321275082941 0.08416321062047992 9.758802099746333e-10
-0.08416319556119134 -0.08416316078246572 -4.30195468484329e-08
-0.08416314564547359 0.08416320103343151 -4.150066329478008e-08
0.08416316966941759 -0.08416318133476886 -5.358857978893239e-08
-0.15516006312127623 0.128540299175517 0.217188015870169
0.15516003633592462 -0.1285403109790775 0.21718800812792005
-0.12854027379484756 -0.15516015144683448 0.2171880207034999
0.12854030355958568 0.1551600736189533 0.21718802231435103
0.12854028577046006 -0.1551600754532237 -0.21718804028678795
-0.12854026617476336 0.15516004995527108 -0.21718796677471897
0.1551600874343799 0.12854027628060077 -0.21718796453238667
-0.15516015122304505 -0.12854023068788556 -0.2171879582891379
0.08872960662403928 0.08872960835017206 -1.3710142951484094e-09
-0.08872961259438034 -0.08872965621508874 5.556923321492491e-08
-0.08872973626723657 0.08872968104968387 4.7368734323871564e-08
0.08872966465240181 -0.0887296732682417 8.445852794913833e-09
-0.18989400190632352 0.10841034820539368 0.8546903358058182
0.1898940464712696 -0.10841038867975711 0.8546901880732936
-0.10841022721634995 -0.18989408447152617 0.8546902444216351
0.10841027049142679 0.18989416256754957 0.8546904020302275
0.10841038741887814 -0.18989402855663873 -0.8546903102087295
-0.1084103921312313 0.18989401596109015 -0.8546902974634029
0.1898941066025015 0.10841029308824487 -0.854690324450067
-0.18989411214499485 -0.10841027803088212 -0.8546903482215851
-0.009386838600036196 -0.009386837091583396 4.141414600145055e-09
0.009386851383594519 0.009386849434578494 1.055789278225916e-08
0.009386847329828314 -0.009386876988902726 6.714861180978637e-09
-0.009386877244111814 0.009386845589810337 -2.1856887598425967e-08
-0.10551580646099774 0.07944098043984209 -0.44842821504069824
0.10551581536330631 -0.07944096474745371 -0.4484282104142999
-0.07944097761936708 -0.10551581008982383 -0.4484282344401283
0.07944100246635627 0.10551577981075069 -0.4484282444051294
0.07944098066350026 -0.10551580594753557 0.4484282311101643
-0.07944097104325575 0.10551581195754847 0.4484282404624344
0.10551578435910448 0.07944100135386861 0.44842821832034263
-0.1055158105979217 -0.07944097372110102 0.44842821485003365
0.02847631701616777 0.028476321610699157 1.981960789931847e-09
-0.028476282122263774 -0.028476262134809992 -3.591293373794713e-08
-0.028476234245093015 0.028476266095718204 7.671813420651041e-09
0.028476259065916665 -0.02847621144404744 2.5787193769222228e-08
-0.11129543467802261 0.13255423748810163 -0.2565240056275683
0.11129542674864511 -0.13255424496301604 -0.2565239293513886
-0.13255422196777517 -0.11129550904878276 -0.2565239844601958
0.13255421633204334 0.11129543388477646 -0.2565239582229827
0.13255426162904002 -0.1112954436573912 0.25652403542495855
-0.13255422110317666 0.11129540720249897 0.25652398100203583
0.11129543361526437 0.1325542214751562 0.25652396709812575
-0.11129552029074624 -0.13255421650890253 0.2565238946089808
0.07192213603478664 0.07192213737947228 6.777204020202987e-09
-0.07192215613228 -0.07192215562342084 -1.4536959552780004e-09
-0.0719220832348543 0.0719221148002912 -6.1884619893815e-09
0.07192211308840438 -0.07192208410791978 1.907458468952683e-09
-0.14253606112380662 0.13391538680203557 0.06451858278798295
0.14253602661769732 -0.13391540845764616 0.06451854458544169
-0.13391547606902587 -0.1425359459123364 0.0645185070684745
0.13391547531278408 0.14253598910717932 0.06451852336891059
0.13391540342837738 -0.14253604811834567 -0.06451854621425074
-0.13391540659209686 0.14253602712465946 -0.0645185448448784
0.14253598814392868 0.13391546109615482 -0.06451854189212639
-0.142535959473914 -0.13391547409012433 -0.06451852590206017
0.09306034111115069 0.09306034446805515 -4.9445480210241755e-09
-0.09306034596762244 -0.093060347728425 -7.772586352317035e-09
-0.0930602973883666 0.09306012175076891 1.010397745471181e-07
0.09306016277112453 -0.09306025573900531 1.704048868678143e-08
-0.18247668971625702 0.11412777972644492 0.6536652125119097
0.18247677380719374 -0.11412778661492604 0.6536651752154817
-0.11412771751823905 -0.1824768114774767 0.6536652959460917
0.11412775312385545 0.18247683499920764 0.6536653386097366
0.11412779058425283 -0.18247668157742553 -0.65366519413919
-0.11412778607885588 0.18247677477336172 -0.6536651761165001
0.18247681883427935 0.11412779799890235 -0.6536654016261776
-0.1824768035625145 -0.11412777057948238 -0.6536653557644798
0.06445393253679457 0.06445393185672389 -3.3900496715366657e-09
-0.06445397181408298 -0.06445394401470078 -4.6576024426148166e-08
-0.06445392786072074 0.06445393426802695 -4.0368967613169104e-09
0.06445393605268421 -0.06445393090872639 1.342040053392557e-08
-0.13594033243989379 0.1356230149260279 -0.008504511148461014
0.13594032403662498 -0.13562304645784945 -0.008504552754829059
-0.1356230107008548 -0.13594032925317842 -0.008504498680751971
0.1356230045957149 0.13594036684560057 -0.008504470859705737
0.1356230112892573 -0.13594033697175492 0.008504498165074037
-0.13562301036056404 0.13594033629085114 0.008504584258662184
0.13594036869606094 0.13562301173102856 0.008504479953245872
-0.1359403240310224 -0.13562300831204854 0.008504511649333676
0.034851597089094244 0.03485159630736713 3.174022739083071e-09
-0.03485159227918261 -0.03485161444074354 4.0419914332234796e-08
-0.03485153333971261 0.03485158563036954 -3.805250267663318e-08
0.034851584162398294 -0.034851530642412275 2.9936582462974926e-08
-0.11481307045181413 0.13368489471535877 -0.2198298593238781
0.11481303909377992 -0.13368487254141864 -0.21982984542437448
-0.13368489624004432 -0.11481304686943276 -0.21982977570914983
0.13368487000811108 0.11481306002404182 -0.21982982561204922
0.13368489590258226 -0.11481306737120275 0.21982987121424075
-0.13368489921670884 0.11481302944945548 0.2198298195456758
0.11481305699206618 0.1336848646780015 0.21982981521582717
-0.11481305172056924 -0.13368489893938207 0.21982976461569273
0.08383012971561085 0.08383013217393134 4.5926205546886756e-09
-0.08383018974286188 -0.0838301897810119 -1.2155900730448366e-09
-0.0838301680305101 0.08383025736387018 -5.320693569760282e-09
0.08383025612247341 -0.08383016895334044 1.8943889235067957e-09
-0.15471864532056023 0.12872115954865504 0.2115820738686841
0.15471854363017828 -0.1287211928331518 0.21158199994968524
-0.12872110249474442 -0.15471861504934675 0.21158205144346778
0.12872110668776612 0.15471871399559958 0.21158206009915062
0.12872117431667324 -0.15471863357822674 -0.2115820431107044
-0.12872119152158418 0.15471854392608642 -0.21158199981277892
0.15471871356059647 0.1287210940878143 -0.21158207634128579
-0.15471862692303573 -0.12872110090087924 -0.211582066046941
0.0067352981158244896 0.006735296773659832 1.4907362844152061e-09
-0.0067352609432043235 -0.0067352781366941256 3.5327283764985395e-08
-0.006735199265577755 0.006735264530723435 -4.882661745059247e-08
0.006735262915419801 -0.00673519678924861 4.273321765890792e-08
-0.10266253985362607 0.12740299473964845 -0.3576452889116516
0.10266252861181743 -0.12740297205704254 -0.3576452337754622
-0.127403005129033 -0.10266258119213768 -0.35764518873365947
0.12740296206573037 0.10266253890026546 -0.3576452401078365
0.12740299302100558 -0.10266253799125288 0.3576452931012244
-0.12740299256088375 0.10266252150894008 0.35764521371116953
0.1026625358491235 0.1274029584110217 0.3576452330233353
-0.10266258282659475 -0.12740300869788193 0.3576451809682609
0.04335708799710993 0.04335708824669904 5.848381550155595e-09
-0.043357031844478866 -0.04335708385938775 5.5957028942963186e-08
-0.043357067079268286 0.04335703624708532 6.856013782413108e-08
0.043357105263285206 -0.043357079484391936 -5.517903717745679e-09
-0.19629378340934261 0.10221902556554105 1.3345928045132596
0.19629374815814954 -0.1022189887225397 1.3345928386377865
-0.1022189767199601 -0.19629379722852022 1.3345928845695325
0.10221899170501915 0.1962937703111116 1.334592838459014
0.10221898696025161 -0.19629375076435462 -1.334592822070332
-0.10221905186327952 0.19629380087440274 -1.334592963474276
0.19629375283644904 0.10221903272018984 -1.334592927506523
-0.19629376200393595 -0.10221905390583663 -1.3345927779761073
-0.009377327407084676 -0.009377329367627009 -3.6647122142463573e-10
0.00937731043644304 0.009377312066375688 2.81777428473573e-09
0.009377327593453513 -0.009377297110028063 -2.3344153670403982e-08
-0.009377303382476027 0.009377321008146762 -2.5820335453063947e-08
-0.10470753259971508 0.09379831823732385 -0.43846465637765847
0.10470750410999202 -0.09379832473782558 -0.4384646634622672
-0.09379831603805597 -0.10470752186896781 -0.4384646104298463
0.09379832138774491 0.10470754493080445 -0.43846461636708023
0.09379831527103713 -0.10470753462489707 0.43846465578205646
-0.09379832268744148 0.10470750570620357 0.43846467180290016
0.10470754940378103 0.09379831366578337 0.43846463516354195
-0.10470752608767676 -0.09379830790529278 0.4384646306015407
0.06783144441309857 0.0678314468172291 1.4245005316863138e-09
-0.06783151857905793 -0.06783151828076077 -1.3311279856147351e-09
-0.06783155864736462 0.067831510445501 -2.1050508256641166e-08
0.06783151073267189 -0.06783155946396832 1.9923851197136783e-08
-0.1940277366932494 0.1031467852233133 1.1086843610877757
0.19402780720586296 -0.10314682222834826 1.1086843203148473
-0.1031468901693197 -0.19402759027375907 1.1086842456282948
0.10314683263007964 0.19402773352532582 1.1086843000738247
0.10314680435999514 -0.19402772253456707 -1.1086843285099222
-0.10314682142570994 0.19402780746628207 -1.1086843197973428
0.19402773207064722 0.1031468169824085 -1.1086843174198884
-0.19402760589765491 -0.10314688767865682 -1.108684260344302
-0.008873739719214138 -0.008873743235246527 -8.747242003112126e-10
0.008873748845747105 0.0088737422740418 1.8169391519107236e-08
0.008873741330368085 -0.008873782248631678 -1.0596950390101556e-08
-0.008873791670075754 0.00887373682617595 -3.049436780692971e-08
-0.10414223139137366 0.10017439336054135 -0.43311548948083356
0.10414225713741514 -0.10017438560457086 -0.4331154928913719
-0.10017438242880902 -0.10414226713457625 -0.4331154348973686
0.1001744007325866 0.10414227006626114 -0.43311543082379633
0.10017438815598584 -0.104142233578712 0.4331154826691811
-0.10017438662407904 0.10414226057395322 0.43311544785116024
0.1041422672563489 0.10017439283979461 0.433115469891383
-0.1041422716249002 -0.10017438413903207 0.43311547147829876
0.07665028737733433 0.07665029180574447 -9.232697527347096e-09
-0.0766503189659073 -0.07665027704025593 -6.178126554789998e-08
-0.07665021206130283 0.07665008699628133 4.785683099789383e-08
0.07665013478437371 -0.07665017118251033 8.013766344073356e-08
-0.19324996393897867 0.10472040381087447 1.0179222685015332
0.1932501126963552 -0.10472043537469974 1.017922421799802
-0.10472053042344723 -0.19325002239424588 1.017922243716563
0.10472041440482767 0.19325006595518243 1.0179223123817795
0.1047204365140974 -0.19324994163831669 -1.0179222057409782
-0.10472043841330284 0.19325008269071742 -1.017922244086812
0.19325010225206482 0.10472044503488812 -1.0179224630101087
-0.19325002422611184 -0.10472052866365901 -1.0179223905423125
-0.008863858284194163 -0.00886386102061485 -1.041468777453745e-09
0.0088638606990087 0.00886385429177746 1.857364699542341e-08
0.008863850479486117 -0.008863855848977486 -1.5151236404387092e-08
-0.00886386372310373 0.008863845923955869 -2.524136202136651e-08
-0.1041238942436694 0.10044093594206593 -0.432893045522515
0.1041239012140864 -0.10044092657848543 -0.432893088297915
-0.10044092956769453 -0.10412389546714673 -0.4328930556706573
0.10044093895279346 0.10412389352636162 -0.4328930607350616
0.10044092807159002 -0.10412389820980308 0.4328930386773132
-0.1004409284608158 0.10412390506912653 0.4328930437566061
0.10412389152055737 0.10044093281768687 0.43289309888101396
-0.10412389665804406 -0.10044093044594596 0.4328930917716365
-0.002914099379402001 -0.0029140978188237424 -9.093329561560282e-10
0.0029140848613278814 0.002914087092718995 -1.072763952669753e-08
0.0029141621948454363 -0.002914146563094692 7.966877019205398e-09
-0.002914151263182327 0.002914179976533017 3.217726068927007e-08
-0.10194059222134341 0.12164808373602255 -0.3969940125783278
0.10194057863356255 -0.12164809311196273 -0.39699403488932505
-0.12164808827892334 -0.10194062318113321 -0.39699397541205994
0.12164808490640028 0.10194064791003413 -0.39699395896655576
0.12164809090164655 -0.10194060309362543 0.39699400852460864
-0.12164808010058134 0.10194056933359459 0.396994002444932
0.10194063415770911 0.12164809293649799 0.3969940032828253
-0.10194062441206056 -0.1216480972167607 0.396993939086733
0.0006786940098777311 0.0006786944840299208 -2.5947186912606585e-09
-0.0006786933296841491 -0.0006786926835172791 -9.857745175700927e-11
-0.0006786943524478839 0.0006786922523621206 2.739685161026739e-09
0.0006786931312635688 -0.0006786943346553768 -1.8499703678676038e-10
-0.09811151094781743 0.032308008208846994 -0.4666328787829195
0.09811151330276738 -0.032308006812464124 -0.4666328755911661
-0.0323080068183312 -0.09811151440395349 -0.46663287101074696
0.03230800680389474 0.0981115111673738 -0.466632875998545
0.03230800748846102 -0.09811151175799783 0.4666328718994156
-0.0323080073518319 0.0981115134189971 0.4666328754288172
0.09811151173198818 0.03230800760353161 0.46663287802314846
-0.0981115136681397 -0.03230800714255244 0.46663287617060195
