-0.08748974 0.06676878 0.13141584
0.08748974 -0.06676878 -0.13141584
-0.00529562 -0.01012249 0.00241167
0.00529562 0.01012249 -0.00241167
0.01897985 0.19655738 -0.06249892
-0.01897985 -0.19655738 0.06249892
-0.18440433 0.00389063 0.06511647
0.18440433 -0.00389063 -0.06511647
0.054001 0.00200309 -0.14666849
-0.054001 -0.00200309 0.14666849
-0.06050832 0.02018211 0.03587392
0.06050832 -0.02018211 -0.03587392
0.04113662 0.0402481 -0.05702664
-0.04113662 -0.0402481 0.05702664
0.25328287 0.65234742 0.67009994
-0.25328287 -0.65234742 -0.67009994
0.01307722 -0.0344022 0.18171491
-0.01307722 0.0344022 -0.18171491
-0.02082379 -0.03542167 -0.0692348
0.02082379 0.03542167 0.0692348
0.08789978 -0.06839881 0.01601838
-0.08789978 0.06839881 -0.01601838
-0.01582556 0.07143039 0.0400696
0.01582556 -0.07143039 -0.0400696
0.05621531 0.02106445 -0.02333163
-0.05621531 -0.02106445 0.02333163
-0.02904523 -0.02327789 0.0114756
0.02904523 0.02327789 -0.0114756
0.05901412 -0.0305909 0.02107812
-0.05901412 0.0305909 -0.02107812
0.05020312 0.1403255 0.17475053
-0.05020312 -0.1403255 -0.17475053
0.10710535 0.02280502 0.11202372
-0.10710535 -0.02280502 -0.11202372
0.01578669 -0.01383543 -0.01729655
-0.01578669 0.01383543 0.01729655
-0.03792485 0.21439666 -0.03288426
0.03792485 -0.21439666 0.03288426
0.09375885 -0.11383798 0.01873175
-0.09375885 0.11383798 -0.01873175
