-0.064256 -0.087856 2.28531
-1.750677 0.677062 -0.272158
1.247807 -0.873002 -0.13923
3.615479 -1.649594 -3.484994
-0.559346 -2.453558 0.473296
-1.458834 -0.210651 0.671358
-1.385137 2.692516 1.914093
-0.38055 -0.501571 -0.172458
0.218158 1.281831 -0.629041
0.521454 1.524111 -0.398306
0.916501 0.619391 -1.271208
5.345505 -4.169284 -4.31638
2.229579 0.491334 -1.355029
-0.537355 0.212133 0.765519
-1.514815 -1.564721 0.159455
1.648676 1.123347 1.513208
0.36681 0.922357 -1.364143
-0.478833 -0.129901 0.48536
0.250826 0.41865 0.880388
2.761702 -4.169624 -3.25769
0.488227 0.238155 -5.363047
3.090713 0.192646 0.755066
-0.794713 0.216078 -1.348547
-2.418082 -1.622433 2.120787
-2.859869 2.865339 1.496895
1.851059 0.069114 0.450034
0.577066 0.379703 0.098345
-2.208643 2.955081 -3.961571
-2.780265 -1.332665 -0.650907
0.531765 0.849565 2.791031
-0.525588 -0.885216 0.093296
-0.427495 -0.407808 1.015878
-2.96378 3.484255 2.695682
-0.502044 1.057679 -1.719229
0.204563 0.219129 -0.294357
-6.762468 -6.654187 5.142563
0.344725 -1.578925 1.888435
0.217372 -2.317766 1.801178
1.958741 -4.004321 1.277068
-1.3088 1.757789 0.915127
-3.301487 5.272688 4.16916
-1.306143 1.743934 -3.150951
0.104449 -0.142144 0.619691
1.256551 0.068957 -1.840756
2.493483 -1.269373 1.259296
-6.816568 5.114824 -5.843435
-0.410741 0.993037 2.589536
-1.623066 -0.598674 -0.292228
-3.125738 -1.999782 -2.537952
3.513829 4.127085 4.204824
2.769731 1.99836 -2.761523
-1.362859 1.456329 -3.6164
-2.445621 -1.3254 -1.157623
2.625462 0.451007 0.163698
-1.091363 -1.380542 0.007591
-1.503004 -0.87756 2.520161
1.18737 0.387586 0.862127
-0.461462 1.45781 -0.547997
0.952674 0.243125 -1.699007
-1.044633 -1.227505 2.331836
6.114392 4.833228 -6.223863
0.544641 1.088362 0.573299
-1.991923 -4.578308 -0.396913
3.300196 3.425584 3.790109
2.412927 -0.392438 2.237936
-1.99971 -1.281232 0.960057
1.559708 0.086267 0.064352
-3.290093 -4.097237 1.827423
-2.291799 -2.032837 -1.900064
1.910062 1.939847 1.081942
-0.893341 -0.162263 -1.913275
-0.546908 2.892426 -0.137715
3.547784 2.501444 -2.251367
-1.929911 -0.842385 0.810262
1.488069 0.526413 -2.720465
1.198013 1.214952 -0.056829
-1.833463 -2.522874 -1.377843
0.06927 0.039968 0.979395
-2.896159 -3.43887 -4.203065
2.262005 3.558209 2.775427
-1.509746 -4.054552 -1.156121
3.501795 0.690379 1.492703
-1.96586 0.234057 -0.417027
-4.304684 4.59657 -3.768049
0.148783 0.563177 0.580131
-3.914258 1.711412 -2.264965
0.299139 0.972419 1.512324
-2.272329 2.070597 -3.143456
-1.899406 -3.335393 -2.952255
2.791257 2.946739 3.270044
1.52906 0.425121 -0.543582
-0.896761 0.190987 -0.415859
-0.982866 -1.540398 -2.40264
-3.627104 7.682336 -4.716626
4.399257 -5.641167 4.733813
1.254905 0.212974 -0.159773
4.993087 -5.543114 3.962519
0.474281 1.184159 2.704268
-1.121043 -2.431385 -2.832373
1.979358 1.575723 3.11147
1.103247 -0.170326 0.582728
-1.336617 1.032836 -0.695954
2.232742 -0.674317 1.858361
-4.181209 0.956467 -0.951664
-1.708622 -0.323901 -1.553125
-4.636307 7.480455 -6.516978
0.783681 -2.408519 -2.469703
0.000447 -0.743281 -0.461423
6.491988 -4.627198 6.957233
1.956011 -2.691571 -1.918343
-0.05173 -0.936973 -0.228421
1.288896 -0.747664 -0.476339
0.846681 1.911362 -2.325179
1.678744 0.236077 0.616916
0.458634 -0.226402 0.597785
-1.775426 0.156527 -1.635972
-0.278727 0.900184 0.055679
0.606896 -0.885814 -1.648431
-2.007826 0.827171 1.848839
1.071192 -0.913124 0.530343
0.157637 1.531135 -0.404089
0.959257 -0.975378 -0.206286
-1.024623 -0.822265 1.294898
0.980899 1.984573 -0.062324
0.073539 0.6486 -0.466789
1.448428 -2.380327 -1.65968
-1.835454 -1.17635 -0.81515
1.042821 0.960984 2.878912
-0.58174 0.250777 -2.738243
-2.033685 4.129082 -2.405981
0.078062 0.551571 -0.580522
-0.466477 0.456131 0.673292
3.591529 -1.985617 3.711206
-1.967254 0.072765 -0.158213
-4.261153 -0.621098 -0.32237
0.035704 4.311809 0.392568
-0.47516 -0.306094 -0.267131
-0.557935 2.087514 1.14514
3.407216 -2.183468 2.667883
-1.937215 -0.104315 -0.853308
-0.398651 -0.064789 -0.545286
2.024395 0.992252 -0.27911
-1.420235 -1.107102 -2.556279
-0.246894 1.965076 1.773292
7.083996 -5.429473 5.024135
-2.836791 -3.089559 2.708848
2.427317 0.839394 0.456837
0.545752 -0.074469 -0.221513
-3.992012 4.14734 3.834826
-0.030259 -0.275938 -0.892857
2.415163 3.051821 -2.226257
-0.608385 -0.216132 -0.087221
0.084733 1.017766 2.482082
-0.103906 -1.586748 -1.263318
2.178895 0.022755 1.21513
-1.826 -2.450111 2.287833
0.777228 -0.880138 -1.124387
-1.122491 -1.977174 2.477871
-4.936462 -3.433967 -4.61195
4.030369 4.890496 4.843
2.761412 -2.467112 2.551874
-2.721687 -2.948611 2.435718
-2.391163 -2.076798 -1.253999
1.465952 1.440108 1.367629
-1.454507 1.781199 2.663629
-0.728515 0.009266 -2.431719
4.203668 4.172769 -3.612818
-1.636736 -1.487289 0.322961
0.884113 1.655118 -0.123354
-0.126091 -1.364186 -0.516782
1.925625 -2.692252 3.665368
-0.126147 -0.634069 0.901244
-1.08346 0.794553 0.761036
-0.73418 -1.386759 1.700772
-2.036645 -2.935827 -3.825225
2.116401 2.866938 2.65823
-1.279984 -2.797725 -1.033272
2.427399 2.079502 1.952321
-0.997856 0.490317 -0.592634
1.796333 -0.889807 -0.533659
0.074719 -0.079496 -2.746853
0.8887 0.623525 1.943429
-6.654027 -6.226666 -6.247884
6.415019 3.235596 2.668257
-0.563125 1.409179 0.510064
-2.132419 -2.195136 0.287759
-3.379186 -1.887463 -1.363982
2.140359 1.891663 2.784113
0.871033 0.080864 1.227863
-0.988448 0.019658 0.778355
1.779238 2.11601 -2.155343
0.887264 -1.835958 -1.673438
1.063086 2.105279 -1.833886
-1.468711 -5.8538 1.230623
-1.866644 3.087159 2.061492
1.493072 -2.039813 -2.248794
0.098407 0.946869 -0.834439
-0.269475 -3.762742 -0.698511
3.299745 2.466074 -4.24189
5.017518 -3.537147 -3.515277
-0.185399 -0.386594 -0.049188
1.435223 -0.43682 -1.298268
1.845899 -0.081175 2.16136
0.221935 0.105589 -0.298114
-3.25762 2.073811 2.620579
-2.00958 1.708472 -0.79731
-2.248316 2.758739 3.591347
-2.670524 -1.911637 1.864891
0.832597 0.939176 1.235626
1.083005 -1.136259 -1.710358
-0.725221 -0.28462 2.280358
-0.2586 0.916809 0.19045
-1.999987 1.373756 0.890519
0.403737 1.260231 0.538522
-1.105505 -2.099822 -0.216353
1.772853 -0.753011 -0.026931
1.945926 1.460207 1.263574
2.718177 0.747474 -0.957448
-1.948533 -1.994281 3.100934
0.903109 -0.78232 0.150503
-1.090276 1.308229 -1.542344
1.602308 4.952382 -1.888179
-2.849676 2.454209 -3.373053
2.21964 2.655631 -0.594729
0.896878 -1.812009 -0.549263
1.475895 -0.170199 0.685164
-2.595267 2.789884 -2.900585
0.582621 1.529644 -0.187438
-1.921789 -2.268975 1.056335
2.612709 -2.53841 2.507403
-0.607093 1.307993 -0.386351
0.946496 -2.261642 0.358186
-0.755397 1.522697 -0.571966
-0.934348 0.324785 -0.043903
0.015288 -0.301475 0.616908
0.053923 1.235523 0.209595
0.323153 -0.773773 -2.189192
1.947239 0.609509 -1.561061
-0.685978 -0.409558 -0.213421
1.370579 0.463479 -1.019784
-0.827956 0.205894 -0.257228
-0.779081 2.206748 0.993314
-1.826931 -1.87039 1.698344
11.328072 8.723645 -12.595194
-2.421096 2.006076 -4.254551
-1.290309 0.50125 0.595855
0.211147 0.390103 -0.616654
2.584378 -2.95319 0.57841
1.891017 2.301104 2.513719
0.391245 0.865423 0.111576
-1.085485 0.00139 1.202081
1.287895 0.932054 -2.838018
-0.22409 -0.329835 -2.607663
1.671599 1.821229 -1.76185
-2.304491 2.320937 -1.94568
3.277196 -3.178779 3.234824
0.569256 -1.374896 -0.805396
1.512174 -1.673715 2.159261
0.04128 -0.36798 -0.232214
3.052775 2.216738 -1.671565
-3.689467 3.278951 -3.90092
-0.244865 0.541975 1.003029
0.015478 -0.514885 -0.509756
2.170417 -3.039205 2.011994
-0.459285 -0.154693 0.867684
-1.233971 -0.682675 0.436107
0.228641 0.198904 -0.192885
2.900942 2.736255 -2.80782
-3.626221 -3.769221 3.999871
0.259279 -0.334298 -0.08799
2.588343 -2.025506 -4.998819
1.557573 0.236839 -0.046098
-0.940549 -0.952854 -2.330509
1.267233 0.500401 1.034722
-0.501909 1.306023 -0.252129
-1.874216 -0.636793 -0.333995
-4.586047 3.953989 -4.385181
-0.308586 1.206464 1.075387
-0.343919 -0.444908 0.35164
-3.648667 3.411469 2.411
-3.132494 1.707455 -1.284574
-2.168407 2.463925 2.11984
-0.427998 1.267373 -0.197021
-0.684068 -1.374161 -2.159366
-1.13616 -0.888713 2.101723
0.52371 -0.450801 0.238163
-0.643349 -1.21927 0.915543
4.969004 -5.991758 4.655934
0.230577 0.905866 0.58453
0.589161 -0.755049 -0.255989
6.165511 -5.971643 -6.417668
-5.967698 7.067084 7.131975
-0.103859 -2.808296 -0.919421
1.750412 1.403486 -1.596463
-1.273273 1.359045 -1.655405
-0.564341 0.363633 -0.232109
1.495817 -0.578447 -0.578929
2.750046 -1.894581 1.272353
0.365226 0.468969 1.28819
1.654562 -2.234994 1.507679
-0.809707 -0.31209 -0.034331
-1.932948 0.9959 0.988524
-0.755108 -0.591865 -0.469605
0.925389 -0.922574 -0.025804
-3.399533 4.11728 -8.371941
-0.35895 1.473245 2.467626
-2.565756 -2.724822 1.717359
0.531356 -0.059704 -1.35137
1.82761 0.483454 -0.142215
3.118968 2.246979 -2.330591
-6.307879 -5.719754 6.037951
1.601139 2.16504 -2.341352
0.422213 -0.426384 0.922997
-1.193761 0.257312 -0.401984
0.754768 0.868475 0.254871
-0.966856 -0.569806 -0.874947
-0.274932 2.195337 -1.183051
1.286551 1.475684 -1.054066
0.162661 0.975049 -0.463326
1.041217 -2.062196 1.647797
0.705594 -1.401572 -0.386451
-2.593047 0.763881 0.930725
1.842404 -0.336961 1.299437
-0.442629 0.395111 0.761389
-1.971212 -1.515142 4.262238
-2.604604 3.96744 2.118433
-1.291678 -2.386637 0.025253
1.183595 -0.76009 1.38825
2.621004 -2.801055 -2.822666
2.000944 -1.486371 0.918375
3.444202 -4.698896 -3.988412
-4.306484 5.012931 5.322996
-1.281219 1.492353 -3.053473
-0.247043 -0.902463 1.014982
-1.74208 0.975655 -1.247328
-0.297839 1.655564 -0.597463
2.015119 -0.940445 -1.424178
-4.639574 -4.251714 -4.026277
4.272329 4.856839 5.285515
0.602673 -2.579178 0.806974
-0.174282 -1.310316 1.927031
-1.294395 0.721552 0.880879
-3.35526 1.709171 -1.754996
-1.036874 -1.661346 -1.858354
-1.321683 2.505894 -0.517002
2.012113 -0.202624 0.717729
-2.57789 -2.242825 2.588517
3.34465 -3.090897 1.988951
2.312811 -0.745123 -1.868127
-1.199712 3.168114 -1.943023
-0.787295 2.042951 -0.784073
0.515189 1.065048 -3.847043
1.832824 1.285235 1.211278
0.91055 1.582805 -1.687496
-0.573322 -1.223113 0.817885
-1.0912 -0.376962 -1.501618
-0.515992 -0.553117 3.682613
-1.084865 1.040055 2.009341
-1.40654 -0.874905 1.498182
-1.791729 -1.810902 -2.944709
1.345266 3.139062 2.231592
-1.406574 1.061569 0.956794
-1.753342 -1.002372 1.717507
-2.090419 -1.636629 -0.613846
-2.942419 -3.789792 6.569131
0.27914 -0.199432 -0.582683
-1.188275 2.083873 -0.338765
2.797549 2.199053 -1.469072
-0.207481 -1.158854 -0.832757
0.61747 -0.619325 1.432609
-0.84379 -0.060307 1.043881
6.282404 -6.884418 6.10411
1.219152 -0.727183 0.365521
-0.532785 1.000505 -0.734736
-0.449109 0.190111 1.329285
-0.164266 0.338712 -1.080341
5.00633 -5.864772 -5.020988
-0.337714 -1.622928 -0.076277
-1.176544 -0.722094 2.940862
5.81099 6.544272 -6.620696
-1.151199 -1.020438 0.132906
0.556292 0.377956 -0.83904
-1.791884 1.231149 -0.752557
0.693247 0.994229 -3.539444
2.139804 -0.312924 0.393257
0.359959 -2.195171 0.98751
-0.182336 2.677092 -0.871643
-0.45262 -0.897005 -0.583621
1.324704 0.06166 0.036178
5.621261 4.440233 -3.338147
-10.305243 -9.86999 10.703853
-2.269588 0.815981 3.590411
1.699064 -0.161191 -1.045214
-0.089542 -0.899028 -0.977017
3.142657 -1.301728 -1.158195
-0.814046 4.381206 1.250075
-3.669069 -5.012738 3.611405
-5.201929 5.733872 5.705658
-3.14067 0.59788 -0.762221
-1.9454 1.262768 0.396976
-0.756335 -0.572198 3.191006
0.148148 0.295208 -0.042162
-0.12043 -0.643774 1.404507
0.316884 0.948388 -1.076321
-1.598799 -2.229703 0.411475
-0.599236 1.788024 0.374718
0.497717 -4.862863 -0.047118
-3.627515 -3.455874 -4.805815
3.709905 4.240474 4.0829
-1.091706 1.986247 0.593481
-1.286368 1.887933 -2.500705
0.008304 -3.378001 -0.736049
2.97569 0.84458 1.545318
0.888741 -1.46749 2.56645
-1.212114 -2.50687 -0.347332
-2.39257 0.779305 1.112437
-1.764865 -1.81342 2.540783
1.303276 -3.056801 2.339625
1.734785 -0.158664 0.083014
-0.112809 0.893302 1.019901
-0.142321 -0.452701 -0.303077
4.142369 4.310196 -4.907374
-0.121739 0.179347 0.304645
-2.323659 1.856577 2.508224
0.83474 -2.09933 -0.466395
0.680244 -2.010604 1.151993
1.186438 1.382797 0.02506
1.770623 0.298975 -0.573746
0.681309 -2.382779 -0.706412
0.302222 0.213141 -3.785221
2.705772 0.482388 0.619888
-0.351679 -2.060228 -0.287496
1.016901 -0.546716 0.469168
-0.545793 -0.802197 -0.290458
0.127561 -0.254539 0.112171
0.673847 1.088282 -0.943257
-0.397031 -1.083004 1.825693
2.41503 -2.193103 -1.249819
2.308702 -1.163358 0.746586
-2.794882 -3.297583 2.836706
-0.710805 -0.607963 -1.4371
1.123565 -1.957736 0.601345
1.045012 -0.073384 0.081969
0.168624 -2.287462 -1.030861
-0.60487 3.203659 -0.985169
1.094554 -1.362515 0.290418
0.084178 -0.642075 0.46775
-0.003946 -0.92947 -0.515074
0.780102 2.065915 -1.293459
-2.21283 0.361132 -0.46386
-0.801865 1.197642 -0.514583
-0.839932 -0.945617 1.10297
0.436093 0.935904 -1.257642
-0.18957 -0.739941 1.943445
1.486163 -0.536815 -1.254192
-4.043179 -0.435786 1.127033
-0.610436 1.018571 -1.941639
0.801392 0.564436 1.062245
-1.82199 -2.956018 -1.705605
2.474712 2.258259 1.943603
-1.203281 0.678212 -0.091448
-0.656297 0.078052 -0.435512
-0.776683 1.291733 1.144891
0.767414 -1.49684 -1.111133
-0.320815 -0.082217 0.578794
2.234222 -3.190289 -2.985159
-2.078369 1.529459 2.786065
-0.967967 -1.443486 1.418032
-0.608716 0.032039 -0.411341
-1.253642 1.162182 -0.670352
-0.730516 -0.765631 -2.15209
1.899496 0.043285 -0.229265
0.716757 0.825918 0.5016
-2.220738 5.884442 -2.668667
-0.133539 -0.153723 0.794386
-0.423316 0.663111 -0.236627
1.981227 -0.989248 0.65099
-2.475802 -3.089552 2.112255
0.803026 0.344425 -0.638674
0.985876 -0.25645 0.066196
-1.560586 -0.027654 0.954863
-0.44574 -1.101963 1.694348
3.082203 4.230585 -2.63412
0.46311 -1.385697 -2.196597
-0.594925 1.417172 0.580143
-1.397172 -0.223422 0.319942
-2.424639 2.696261 2.785178
-0.852134 -0.609534 -2.534513
-0.951821 2.164215 2.023674
-1.458375 -0.021552 0.069232
-3.146699 -1.697508 -2.762621
0.833559 3.170453 -0.776007
-3.817445 -2.40247 -3.19074
4.078693 2.159078 2.757854
3.122191 -1.843136 2.501926
0.932007 -1.574833 -3.004822
-1.325119 2.072195 2.58509
-1.373691 1.384808 -2.085986
4.17005 -2.629299 2.784206
-1.336517 -0.839165 0.828217
0.021089 0.039707 -3.135396
1.794287 0.324892 1.036462
2.55272 3.743152 -1.776607
1.374271 -2.137215 -1.598714
-2.538233 0.691816 -0.5817
0.620144 0.975313 3.736436
0.969615 -1.836609 1.375792
0.252218 0.028889 -0.410678
1.898119 4.141322 -1.730818
-2.012574 -2.075647 -0.032275
-0.861643 0.115655 2.81394
-0.836041 1.090806 -1.252522
0.344587 0.693465 -2.163936
-1.47831 2.309092 -1.031849
-4.90359 2.108191 1.649832
1.015959 1.560146 1.365833
1.294735 -1.055305 0.852098
0.171676 -1.725967 1.004912
-2.28073 0.795172 0.223646
2.6395 0.08499 -0.749181
-0.132818 -1.117956 0.361218
2.857491 -2.752198 -1.83224
1.77086 1.520873 0.00018
-0.687948 -1.289717 -1.404335
1.753374 3.288217 -2.155112
1.232462 -1.3461 0.074939
-3.020498 -0.069155 1.55711
-0.24602 -0.093234 3.838112
-2.879583 2.28515 1.083581
2.062504 -0.40538 -0.754341
0.115438 1.345025 -0.289527
-0.131478 0.520028 0.468686
0.894465 -0.490985 0.528512
-5.511152 -3.982652 4.233517
1.870595 1.545724 -2.936433
-1.365141 1.661759 -0.940322
0.538567 -1.456446 0.875962
-2.910294 0.019081 0.263508
-0.223611 0.798198 0.144313
0.493694 -0.237506 -0.265118
1.544935 -5.032728 2.299114
-0.019889 0.52431 -0.180308
-1.17025 3.493497 1.732689
-1.352247 -0.564284 0.313385
1.173242 -0.224174 0.479527
-1.864338 1.733196 -2.673606
-0.314123 0.057019 0.53851
3.226269 -3.90225 -2.543432
-3.430475 2.856482 3.154216
0.176704 1.012588 -1.200798
-3.604499 -1.634576 -1.014545
2.317267 2.488796 2.554718
0.863328 0.129196 -0.927838
-1.28427 1.489257 -0.226688
-1.418174 0.240729 -1.07433
1.138854 0.106456 1.162169
0.627392 2.258584 0.390584
1.911824 -2.007293 -5.117754
4.250435 4.101114 -4.901232
-0.042016 1.992588 -0.529346
0.73427 0.230015 -0.845211
1.397001 -1.750407 -0.543949
3.390023 -2.64916 2.458972
-3.186812 -2.576502 1.99295
1.637926 -1.67557 1.36346
-1.032062 0.68182 -0.569654
-0.280898 0.050393 -0.274596
0.399192 0.467962 -0.812566
1.963648 -0.960343 -2.241833
3.827442 -0.273105 -0.363105
1.413742 1.638365 -1.392288
-2.015677 -3.044742 2.645984
-0.301182 1.372567 -0.737989
0.316836 -0.828509 -1.6998
-0.152739 -0.792789 -0.893088
-1.087192 0.059391 1.115561
3.12426 1.69631 -0.965366
0.026103 -1.767437 -2.479217
-0.353929 1.73902 -0.496372
-1.888239 0.547823 -0.751964
2.81048 -1.559209 2.385696
-1.825896 -1.80816 0.20546
1.217736 0.891743 0.555515
1.873195 -1.724303 -2.745325
2.588273 -1.952138 2.00032
-1.863899 2.249492 -1.325296
0.750857 -0.322785 1.740299
1.159388 -1.859441 -1.883343
-2.389585 0.903381 0.292863
-0.083889 -0.253128 1.483682
0.404645 1.535829 -0.740223
-2.662754 -2.126045 2.878001
-2.838813 0.33839 0.78682
6.276702 -2.958054 -3.372053
-1.261174 -0.776197 -0.810728
2.64449 -2.396039 -0.235263
-1.56213 3.493421 1.360482
-1.4618 1.878049 -1.970965
-3.132913 0.69414 1.638568
-1.065627 1.034915 0.014292
2.304941 1.362985 -2.540636
-1.335171 -0.202185 1.019525
-0.112173 -0.310589 0.884875
-1.35857 -1.509802 1.257603
0.820691 -0.830591 1.06783
-2.946817 -3.887795 3.648824
1.235786 0.216044 -2.101025
-0.122578 2.573453 -0.376866
-0.575047 3.644115 0.60536
-4.057414 -3.852555 4.254645
-0.801858 -2.089993 -1.0654
1.931439 2.634866 2.086026
1.7559 -1.615508 1.131543
-1.063609 -2.089329 1.692022
-3.15722 4.5801 4.314213
6.135084 -6.497237 -7.06983
-0.638535 -2.189101 -1.854078
3.648029 -0.432063 -0.010528
0.399655 -0.235147 0.434654
-0.546265 1.169277 -0.800219
2.045964 -0.817122 0.523294
-1.447657 -0.065323 0.764513
1.525699 -0.521626 0.842443
0.858934 -2.040579 -2.555528
-7.598547 7.464246 7.489857
-0.10934 -1.265376 -2.299926
2.079039 0.928199 -2.270161
5.94677 -8.876382 -6.531952
-7.430859 8.445669 7.986618
-0.383386 -1.580591 0.984177
4.081341 3.063655 -3.105287
0.336051 -0.861482 0.182589
0.468394 1.031182 -1.157074
-0.611127 -1.081108 1.016307
-0.168579 -1.299692 1.08075
4.199049 -3.77096 -3.976279
-5.776244 2.060218 1.754825
2.682899 1.462228 2.999113
-0.340484 3.1479 -0.342245
-1.151866 2.872075 -3.004804
-1.362261 0.496365 0.25056
0.559642 0.040171 0.012083
-0.562994 -0.874641 -0.381062
-5.526352 5.443647 -3.472284
0.315838 -1.444342 -0.807192
2.727872 0.603511 0.336833
4.489589 -4.580933 5.634463
-0.76441 -1.376889 1.6762
-1.240772 0.84257 -0.798148
1.553856 -1.86026 -0.357025
0.806507 0.563276 0.822665
-0.650256 1.318517 2.134846
-0.313215 -0.65295 -0.47863
1.796047 -0.869824 0.980979
-6.781413 -5.57382 7.128147
0.021049 0.403436 0.965922
-1.450392 0.7368 -2.813603
3.065427 -2.25973 5.297589
-2.030545 -1.696227 0.718742
-0.652402 -2.299688 -1.14249
-2.22797 -1.827336 2.813267
1.341027 0.523495 0.522933
0.139152 -1.218314 0.828265
-0.166219 0.910025 1.245387
-2.604526 2.328297 -3.623378
2.801298 2.553307 -1.635018
-7.934615 7.231406 -7.469613
0.393256 -0.26045 0.416725
0.524173 1.601222 -1.14729
-0.780327 -1.852585 1.361543
-2.903656 5.568465 -2.565769
1.017714 -2.221952 0.903075
0.320301 0.662062 -2.54261
-1.018489 -0.019406 -0.605471
-0.1568 0.496329 -0.120685
-1.680747 -2.334287 -2.363636
1.164937 0.82967 2.825713
-0.438159 -0.729552 -1.612979
1.487302 0.766044 -0.569118
5.749039 5.732067 -8.289493
-2.603329 -0.807376 1.584372
-0.474542 1.525034 0.143194
-0.232153 0.076817 -0.023888
-0.439634 -0.003674 0.808539
8.40083 -9.207197 -11.680444
-11.156326 11.980325 10.339936
0.389089 0.520332 -1.639179
2.441158 -2.849283 1.798377
-2.756878 -0.179036 3.27214
0.264836 -0.521257 0.528674
-1.1338 -0.431922 0.705996
-3.028875 -2.933464 -2.569853
2.92263 3.509118 3.530408
-1.434121 -2.40321 -2.842624
2.494047 0.798273 0.243026
0.279301 -0.131776 0.663914
-0.116976 -2.668676 -1.127376
0.708016 -1.478827 -0.295579
0.259757 -0.211038 0.566587
-0.481057 0.951942 0.930302
-0.372238 2.03622 -0.341536
0.184369 -1.105924 -2.09842
1.830529 2.068326 1.800627
-0.013295 -0.351119 1.018227
0.230874 -1.730748 1.290938
-0.706385 -1.337863 1.745957
-0.02514 1.855075 -0.391749
-0.470406 1.131118 0.805249
-1.764946 -3.815826 1.665975
2.045363 2.685475 -0.386306
0.059804 -1.313572 -0.75383
-0.014243 -0.52945 0.046575
-2.599433 -1.612287 2.236937
2.427485 3.24435 -3.413986
-0.660555 0.89062 -1.967862
-1.04055 -0.242571 -0.718039
-2.507268 2.975402 -1.78963
2.862426 2.116383 -3.740467
0.869462 0.353842 -2.170057
2.972549 -2.739925 2.754024
0.802553 -1.153788 -0.825415
0.924228 0.025606 -1.248835
-0.725733 0.538288 0.517062
-0.903238 -2.414757 -0.194578
1.739019 0.254977 0.030677
-1.147047 0.684227 1.413457
-0.537266 1.084221 -1.992815
0.242379 2.125639 0.687951
-1.517315 0.891592 -0.398105
-0.617108 -2.256727 -1.521877
-1.324408 2.959566 0.285612
2.342694 -1.515207 1.535763
-1.397184 -1.901851 1.311205
7.594059 -7.640174 7.684598
0.024519 1.515277 -0.442195
-0.598628 2.000893 0.507825
-1.049701 0.268316 -3.453445
2.416154 -0.422883 -0.124201
-1.87933 0.101764 -0.651462
0.738462 -4.235137 -0.267069
3.03331 1.93262 1.269798
-0.200101 0.068707 1.57068
-4.336148 -3.651865 2.487332
-0.224679 1.594151 0.162598
-1.598337 -1.335466 2.334281
-2.305448 1.412608 1.383382
0.551583 -0.811492 -0.364042
1.187014 1.570435 -0.806941
-1.081269 1.390607 -1.700336
0.975236 0.570965 -1.590078
0.596459 0.921231 2.01203
1.550276 -1.723842 2.193799
0.208568 -0.928999 0.015978
-1.017426 1.717621 1.088181
0.615241 -0.885905 -1.587238
1.47696 -0.597172 1.169077
-5.208514 2.07734 -3.091131
2.349342 1.694587 -3.166443
1.837734 2.198281 2.07584
3.083588 -3.823015 5.023953
-1.988453 -2.706427 0.357673
1.002035 2.554415 -0.707411
-1.559955 -0.334316 -0.592913
0.966939 -1.892983 0.412979
0.453879 -2.684433 0.604461
-0.804204 3.034119 0.901287
1.364508 -3.859454 -1.369004
3.417002 4.620467 -4.204841
-0.199911 -1.249441 -1.434276
1.282498 1.734626 0.628284
-1.352752 -0.675721 0.178474
-2.863202 1.674328 1.052971
-3.733089 -4.061679 4.813036
1.562974 0.734163 0.382588
-1.422899 -1.809252 1.807254
-1.31746 1.222522 2.005665
-5.962769 3.553119 -6.6547
5.632618 4.708591 -4.299515
-2.247423 -1.335008 -1.144644
0.102526 -0.076783 -2.478589
1.700826 -0.671982 -0.010973
2.6978 1.311793 0.38056
-0.357854 -0.23264 0.809066
-0.015202 1.322034 -0.340978
-0.060703 -1.614867 0.04792
-1.318853 2.261416 0.985613
-3.739183 -4.178041 2.41838
0.040393 0.275038 -0.355953
1.231463 -0.330195 -2.321948
-5.108394 -1.460482 -1.18461
3.008118 2.43424 4.473824
3.027756 0.418328 0.267357
-1.317815 0.460918 -1.863652
-0.106872 0.382403 -0.1501
-1.841205 -2.123675 -0.27987
1.129614 1.706403 -2.543594
-2.18972 -1.600754 1.589464
2.079458 -2.151848 2.716435
-0.087669 0.643971 -0.605976
2.782346 2.11061 -1.968977
-0.383526 1.533041 0.993115
1.885729 2.393737 -2.050379
2.089766 -1.761806 -2.718558
4.224599 3.113301 -3.723359
0.421614 0.72547 -0.978465
0.068967 -2.474545 0.052826
-0.794417 3.24417 -2.634725
-1.007697 -1.787843 -0.656036
-1.068949 1.074493 0.310917
0.089156 -1.32346 0.027888
3.299174 -2.921529 -4.846039
2.743957 -1.386392 -1.549883
1.029832 0.23579 1.749569
1.394629 1.98684 -1.679754
0.797186 -0.787872 -0.869274
-0.209946 -0.088226 -1.114586
0.578947 1.053034 -1.190643
3.090971 -2.243399 1.973909
-0.422628 0.79781 -1.672086
0.80569 1.157246 0.084154
-1.383097 0.406599 1.207409
-0.182204 -2.262215 -1.455145
3.392469 0.364704 0.462253
-2.103937 2.483023 3.44977
-0.730415 -1.238043 -0.707169
-1.240505 -0.985672 -2.178388
0.364494 1.512065 1.94677
1.146192 1.829274 -0.539744
-2.037778 -1.285272 0.324617
3.952268 2.356216 -2.282692
-3.270023 2.425531 -4.382979
-3.67869 2.995942 3.597583
1.119353 0.336655 -0.933856
-0.092929 1.85793 -0.422683
1.182935 -2.18215 -1.56459
-0.308387 0.131168 2.341568
-0.374948 -0.498947 0.131137
-8.181012 -10.120661 -8.884429
10.151347 10.987628 8.255287
-1.745691 -0.372111 -0.611588
1.260851 1.749953 1.714664
2.877525 -3.346453 3.21411
-0.32966 1.131863 1.651595
-0.365769 -1.659 0.195177
0.355394 0.568086 0.160199
-4.562553 -6.682577 -2.269272
3.561565 2.057916 7.031571
0.099144 -0.411335 1.489724
-1.026625 -1.561907 0.055028
0.939867 -0.242381 0.405607
-0.698666 0.015343 -0.34112
6.379714 -3.485286 5.548848
0.281724 -1.286228 -0.423762
-0.654643 0.064419 0.190175
1.67596 1.690642 1.833495
-1.204823 0.375973 1.602707
-1.821452 -1.238296 2.81361
-2.846999 -1.988581 -3.872757
2.84021 4.329664 2.680465
-0.687608 1.547798 0.260521
0.622605 1.226097 0.828433
1.006967 -2.09095 0.084792
-0.068986 0.014963 0.376468
0.052131 -0.489711 -1.066318
-4.148457 -3.032624 2.813517
-1.636614 -1.620238 -0.833856
-0.670774 0.508624 1.517787
-1.991552 -1.799713 -2.271267
0.552998 2.251868 -1.307295
3.647223 -5.855148 -2.859573
-5.416608 4.471894 5.109635
-0.496928 -0.21989 -0.409701
-0.025353 -1.831359 0.701886
-3.59874 4.475752 -3.044718
1.544321 1.560311 -2.307951
2.248937 -2.269063 -1.482355
0.051237 -2.41541 -0.627291
2.224972 0.895504 0.627372
-0.015504 0.016012 1.350587
-0.906094 -0.408529 -2.595733
3.010053 3.804167 -3.423717
-0.558095 -2.269596 0.712153
0.157319 -2.079331 0.078461
-3.472078 -2.603573 3.929762
1.210594 1.865344 -0.752044
-2.53075 2.621398 -2.530278
0.509581 0.814342 -2.851389
1.944443 0.198777 0.246683
2.959173 -2.112631 1.729795
-0.332886 0.13539 2.14436
0.483249 -0.924478 1.487675
0.445588 0.363171 0.344025
2.538647 -2.605044 4.27368
1.01316 -1.204056 -2.391845
-6.913805 -3.760165 -3.768595
3.157451 7.01038 3.019542
-1.162437 2.434055 2.136292
0.684739 -2.378397 0.087666
-0.54962 1.135786 0.414319
-1.607165 1.942941 -3.448515
0.720427 0.242612 -0.365125
-1.11551 0.480749 -1.419108
-0.345721 -0.246256 1.295071
-0.569052 -0.419711 1.022933
1.867778 -0.638689 1.058308
0.075813 0.02494 1.288315
1.695059 -0.270761 2.642298
-0.001262 -0.058472 -1.065984
-0.332295 -0.232213 2.328637
-2.457847 -1.232663 1.344064
1.552271 -0.599719 1.363169
0.125195 -2.523999 -0.24288
-1.142694 -0.538475 0.174267
0.063708 1.469932 -0.018329
0.46552 0.514431 -3.298187
0.691901 0.495148 0.349833
-1.123381 1.652173 0.18059
0.131678 -1.431668 -0.397844
4.30162 -4.185199 4.734943
-0.104937 0.703662 0.358753
-0.960311 -0.55015 0.163856
0.150364 1.993053 -0.495152
-0.375511 1.325793 -0.382211
-3.581563 3.71116 -3.293976
1.654638 -1.85922 1.932048
-8.108052 6.696608 -11.549342
-2.912658 2.386374 1.462026
-3.301741 -2.95943 3.321815
8.811494 -10.069158 6.827031
0.895874 1.70421 1.477279
-1.531085 -1.073544 -0.689145
-1.846231 2.798338 -1.98064
0.352574 -0.542879 -1.50395
-1.195031 1.870948 -0.422934
-0.873369 -1.031051 -0.376705
0.780423 0.096542 0.804721
-0.202634 -0.887659 0.389691
1.344736 0.190399 1.106743
1.058693 0.264053 0.811177
-0.610672 -0.127291 -1.495289
0.761352 0.037012 -1.128489
1.555411 -2.938415 -0.855761
-2.564889 2.020104 1.903745
-0.954352 1.647896 -2.155185
-2.169133 2.373902 1.109991
-2.784871 -4.570361 3.088112
1.222197 0.811715 0.195758
13.674038 -12.22777 -10.28834
1.129319 -0.816814 5.208699
2.668525 -2.736248 -3.089737
-1.726645 3.135462 0.871023
-1.598624 -1.591227 3.299373
0.284347 4.073237 -1.112256
0.422649 -0.577808 0.509248
2.45835 -1.371301 3.156094
-0.572025 -0.084737 -1.922143
-0.071761 -0.156978 -0.696787
-1.897233 -2.105181 2.819277
-2.36607 -2.599436 -3.412084
2.088577 2.156963 1.606329
-1.122053 -1.091642 -3.978269
1.727234 1.571205 3.218566
1.095759 1.995235 -3.666842
3.162297 -2.252677 -1.482582
0.127415 -0.36228 0.451648
-1.57504 1.133895 -0.492014
2.674541 -1.116843 0.956795
-4.347972 1.840498 -1.699092
-12.186448 10.391603 11.070873
-2.071877 2.503508 -2.029926
-2.501029 2.652411 1.894539
-0.564928 0.428255 0.293113
2.930621 3.757516 -3.730719
0.106573 0.201279 0.002063
0.052701 -0.094978 -0.023148
-0.592154 -0.270805 0.635378
1.509036 1.421985 -1.511757
-1.350937 2.87295 -0.944994
1.642953 -4.502928 1.455619
1.245145 0.87093 -2.116159
-2.037891 -1.978722 -3.15149
1.320487 2.773168 1.117116
0.201183 -2.894795 -0.159794
2.941604 -0.805616 -0.917704
-1.984202 2.884812 3.753288
0.27109 -0.659404 -4.291887
-0.127716 -0.992187 -0.151294
0.743164 0.843198 -0.811737
-1.91171 0.946955 2.314468
0.657512 0.319226 -0.039572
2.845751 -2.867524 3.869195
2.321671 -2.454581 -2.937435
-1.123971 -1.523098 -3.996004
2.70759 2.56809 3.506358
-1.829913 -0.150241 -0.128214
0.422991 -1.638176 0.604572
0.489967 -1.756351 0.787189
0.757323 0.794995 1.480865
3.605725 -1.932876 2.130336
-3.737274 -3.416071 3.44676
-2.360818 2.250822 0.560355
2.435111 -1.069309 -1.180071
-0.109476 -1.309154 -0.912649
1.365713 -1.457236 -1.332899
1.772292 0.377933 -0.054015
-4.818915 5.965871 -5.723075
-0.20048 0.423609 0.207345
-1.355415 -1.100453 2.972405
3.562597 -7.78312 4.028464
2.177183 0.875057 0.546019
-2.459827 1.592718 0.771137
1.487064 1.309157 0.549553
-0.712888 2.597788 -0.266001
-0.339538 -0.421659 1.322909
3.969282 3.553769 -3.601751
-3.11221 1.983392 -1.48315
-1.499572 -1.744031 -2.291592
1.101005 2.95563 0.817855
-1.40081 0.73597 -0.347716
2.91175 -1.491251 -3.162772
-2.37892 1.343499 -0.618822
1.20114 0.932221 1.026569
0.731433 0.969174 0.456423
11.690621 -9.156775 -11.168646
0.3832 1.279626 -0.054986
2.984296 -2.572839 -2.771428
2.048666 -2.164178 1.190888
-0.275215 -0.539862 0.79279
-1.391851 -1.10645 0.182509
0.652852 2.305197 0.520047
-2.380277 -2.853393 -4.421646
3.793576 2.910284 3.581193
-5.404277 -5.421173 -4.843473
4.197038 2.746754 6.167574
-3.241604 2.879141 3.465443
0.750595 -0.839074 -0.41692
-0.228483 -3.640958 0.253065
1.194381 2.743509 1.398179
0.288455 -1.097266 0.049992
-1.227532 -2.054392 0.580338
-0.721299 1.675843 2.381898
0.21608 -0.377095 -1.093702
-2.581485 -2.305048 -2.497757
3.39482 1.070013 1.659831
2.580683 -2.609051 2.686409
-0.031544 0.996464 -0.397058
0.258632 -4.033247 -0.041237
2.343668 2.315589 2.308842
-1.030296 -0.259223 0.966192
3.103864 -1.564654 -4.381537
-1.87322 -1.459447 -0.042514
0.426741 3.062989 0.713286
-9.261897 7.871679 10.766468
-4.063894 -3.45251 4.214722
0.701325 -0.803068 0.277928
0.09263 -0.488833 1.043553
-2.021221 0.03873 -1.236497
-2.025003 3.91074 -2.510116
0.652821 5.771344 -0.516515
-1.036082 -0.599825 0.096224
-0.116844 -0.373877 0.073517
-0.788226 1.505234 -1.829272
-0.882739 -0.372656 -1.388473
2.105882 -0.404134 -0.155784
2.493886 1.391435 0.040006
-2.838846 0.507429 -0.317421
-0.893201 1.688784 1.674959
-6.311494 3.76619 -3.142824
-3.966695 -1.803836 -1.760065
1.353296 2.65566 3.012158
0.144495 -0.96162 -0.164818
-0.430224 -0.411608 0.575383
0.728773 -1.84937 0.136312
-0.278209 0.834065 -0.077391
0.783865 0.455815 -0.87169
0.883657 -0.437567 -0.714009
-2.482248 -2.598529 -1.956956
1.473986 1.529181 0.516067
-1.479184 0.431118 0.090338
2.074395 -1.522851 -1.280334
0.666084 0.189167 0.125904
2.339235 -1.736922 -0.977804
-2.922115 -3.315491 -2.779928
2.689155 2.372922 4.028533
-0.172361 0.098253 0.087092
-0.542693 0.117414 1.748624
0.41245 -0.904926 0.324787
-3.984284 -1.755275 -1.716737
0.360758 1.190748 4.238337
-2.264351 0.608724 -0.276503
0.850886 0.08898 2.126111
0.656439 0.460557 -0.811868
-0.492744 0.813627 -1.123488
0.406253 -0.986083 1.468933
-0.706955 -1.645776 1.35062
-0.077749 1.151947 -0.923251
0.464259 -0.390572 -0.26544
-0.144827 1.751395 0.256366
-1.846187 1.593064 -2.390785
1.374512 1.753028 -0.827334
1.161341 -2.348017 -1.473496
-1.326442 -4.450479 -1.178551
3.609119 1.435582 2.21607
0.79803 3.603105 -1.222788
2.706462 -3.490499 -2.873019
-1.809973 -2.429518 -2.611311
1.025079 0.935331 2.149917
-0.233139 0.934666 0.682507
0.319027 -3.805009 -0.149073
-4.314462 0.877928 1.189525
1.412374 -0.647816 0.760901
-3.584968 0.506382 -0.053325
0.765261 1.93983 1.799175
2.412232 1.919365 -0.37326
0.723572 -0.934442 -2.242905
0.079762 -0.476171 -3.443771
1.256518 2.570202 2.211539
1.632859 1.139775 -2.886922
-3.074839 -4.039255 4.900905
-0.19549 -0.455737 1.261257
-0.639768 0.259001 -1.836339
-2.334395 1.956995 1.9268
0.906993 -1.931879 0.454316
2.584474 4.689354 -3.38169
0.799841 -2.431905 -1.605437
0.991162 -1.807831 1.06567
1.450767 0.620793 -0.420368
1.808042 1.905924 -1.118353
-1.665251 -2.286038 2.389297
-1.534638 1.718409 1.989138
-6.971998 -5.307363 4.823408
-0.80402 -0.151423 3.055759
-0.926647 1.762071 -1.621718
0.115466 -0.164525 1.318582
-1.954826 0.746914 -0.785944
1.272913 -0.608317 0.998127
-1.447778 -0.07076 -1.344382
0.544171 -1.04248 -0.603521
0.243278 -0.627875 0.605283
-1.869363 1.103343 2.458605
2.664676 -0.677244 -0.91327
-0.583713 -0.331845 -1.229179
0.413136 0.822423 -1.037908
-2.23527 -1.922971 -1.150576
1.195891 2.683961 2.204378
-2.331792 -0.232377 0.352863
2.70391 1.45301 1.234271
-0.670787 -1.375047 1.013649
0.804611 0.164854 -0.597655
-0.875033 1.363473 2.395199
4.982561 -4.24334 -4.805028
-3.918422 3.78542 4.561157
-0.161118 -0.656178 -2.043041
2.471015 1.929828 -1.117108
2.915422 -2.723068 -2.306532
-1.446906 -1.702876 0.503728
1.404072 0.831265 2.443349
-3.047063 3.064704 2.696771
1.483483 -3.365726 -1.179753
-0.822513 1.964067 1.95345
-0.192902 0.79162 -1.120069
1.502621 2.708622 -0.599655
-0.19081 0.747798 -4.224022
4.340731 -2.749309 2.742293
-1.757274 1.091596 -0.575066
-0.952032 -0.608072 -1.563956
0.697882 2.597397 0.063418
-0.741322 -1.768079 -1.281586
-0.63441 0.181106 2.138342
-0.467193 -2.607718 -0.835348
0.836549 1.81021 2.113668
-1.889406 1.798366 2.96281
1.714753 -2.537114 -2.228228
2.057369 -1.044521 2.533715
0.637101 -1.426833 -1.972069
-1.194754 2.422981 0.935052
-3.897047 4.19168 -4.27002
-0.675796 0.617616 -0.023105
0.61592 0.815932 -0.426569
-1.627736 -2.599993 -2.474033
3.163294 2.396919 2.50215
1.454358 -1.630386 1.607684
-2.946008 -0.577325 0.812124
0.871455 -0.940015 0.837416
-1.623525 -2.934188 1.472179
1.50448 -1.696303 1.999931
-0.276725 -0.517927 0.198542
1.413399 1.088862 -3.427427
0.131608 1.559501 0.584659
1.450207 0.227568 0.154216
-2.357331 -1.257712 1.206687
1.632833 0.654058 -1.825039
0.502209 0.302243 0.156942
-0.880466 1.770398 0.184952
-1.886809 2.906374 -1.682816
-1.376742 -0.53598 -3.357913
0.989961 1.304153 1.012094
0.785575 0.069415 -3.088796
-0.019423 -0.487056 2.246096
5.940364 6.118165 -4.563665
0.415176 -1.451781 0.086772
-1.465765 -1.700845 -1.620768
0.731499 1.982713 1.855724
1.593012 1.451865 -1.20194
3.547394 -4.492034 -3.619105
-0.58249 1.969692 0.552628
0.05976 -1.652595 -1.005603
-1.687817 -0.268571 -0.825675
-0.273469 -0.175761 3.425034
1.745202 1.578921 -2.811281
0.169595 0.411935 1.350733
-0.497578 0.6251 -0.081941
0.559238 0.546932 -0.582064
-0.631577 1.361973 -0.727881
0.938255 0.515588 0.49928
-0.93236 -1.543481 -0.226854
-0.783336 2.607223 -1.614435
-0.741856 1.322899 0.77902
1.149648 -1.785534 -0.430458
-1.629523 -2.432039 -1.694905
-1.326105 -1.138744 4.93269
-0.686427 -0.328162 0.027011
0.260518 1.43985 -0.367484
-1.984836 -0.671731 -1.119444
3.067715 -2.604124 -1.899571
-2.725486 3.426048 3.739496
-1.636371 -0.006176 -0.718737
0.44684 -1.917363 1.960458
-2.456024 -3.51117 2.870669
0.785084 -0.901959 0.224261
0.395829 -2.166131 -0.57471
-0.829559 -0.283223 2.77418
2.921902 -2.039448 -2.590881
-1.687653 0.869359 0.499766
1.314032 0.272842 -2.15935
0.7109 1.870883 -0.369964
0.3552 -1.194861 -0.561882
5.325447 0.94623 -0.849354
-1.568529 -1.161304 0.412673
0.197363 0.930412 -0.403273
5.178493 -4.927227 -3.630815
0.421762 -1.084329 -0.981352
-1.045285 1.585057 -0.411687
-0.407903 2.018424 0.966501
-0.602828 -3.075132 0.742244
3.636762 2.465247 -3.440825
1.656753 -0.671937 -1.988011
-2.48159 1.772564 0.837341
-2.006169 -2.22938 3.017958
-1.558704 -2.554584 -1.744546
-0.479029 0.345912 2.386212
-0.898281 0.895056 0.380108
0.166673 -1.448139 -0.662342
0.756709 -0.005939 -0.859313
1.037608 0.827968 0.770553
1.072559 -0.069187 -0.098604
0.770596 -1.700491 0.211086
-2.162645 -0.943306 -1.538439
2.732815 -0.616546 0.24076
2.695591 -3.704408 3.056605
0.810807 -0.133121 -0.881889
-2.562611 1.614594 1.754126
3.454216 -1.278915 -1.945608
-0.913605 1.828175 3.368018
-1.104644 -2.515233 1.436267
-6.589502 -4.873763 -5.656555
4.543086 6.457491 4.836524
-2.865874 0.646272 0.462993
1.3626 0.303881 -0.840457
-2.158445 1.783728 6.360148
0.246032 -3.118384 -1.327488
-2.798273 1.621868 1.307819
-2.489044 2.283256 -1.365943
1.358882 2.452629 -1.386228
-2.136721 -1.369676 2.675438
0.237443 1.996147 -1.38697
0.310882 -0.324544 -1.864574
0.329667 -2.230135 0.619541
1.121141 1.483918 -0.370938
-5.851701 -5.792938 -4.714799
6.110055 4.902125 5.895646
-0.881704 -1.220729 -0.916019
2.059722 0.657177 1.401302
-1.605658 -2.28662 -0.811779
1.306511 0.690289 -0.048689
0.341044 2.699758 0.18109
-4.617645 -3.955735 2.964622
-1.297943 -0.706356 -1.267634
0.18966 1.100931 1.444338
1.020061 2.376916 -0.26227
1.204228 -1.979255 -2.250208
1.827718 2.008752 -5.054586
1.16091 2.554013 1.105805
-0.139788 1.311941 -1.220134
3.207727 -2.665722 -2.612112
-1.593452 2.851276 2.007539
-0.140972 1.115566 0.374822
-0.244689 0.807208 0.362647
-0.428287 0.906248 -0.213828
-1.621528 1.516492 1.566291
-1.002081 1.257139 -0.616631
-0.202593 -0.41058 -0.409241
-2.62007 -1.117671 0.306007
3.415229 0.422254 0.254824
-2.663571 2.416653 2.083422
2.005825 -1.657933 -1.40787
-1.33709 -1.402428 -2.352473
3.110725 0.685574 -0.488615
-2.301853 -0.461349 -0.396169
1.331855 -0.149171 0.987572
-3.120774 -2.107524 -3.618566
-0.184658 5.87157 -0.082069
-0.136047 -0.734637 0.857221
0.168579 -0.5791 -2.5632
1.938679 -1.63784 4.86845
-1.097621 0.790601 -1.351533
-1.90074 1.490581 0.971155
-1.883438 -0.715111 1.560637
0.649674 1.048415 -0.992483
-0.344249 -1.323022 1.325973
-0.966654 0.224949 -1.083335
2.398745 0.772776 0.836417
0.447218 -0.903957 -0.59912
-1.178333 -2.217297 1.714811
2.549405 0.776928 -0.415072
-1.307376 -1.006477 -0.207933
0.891787 1.467261 -2.879898
1.852645 -2.504669 0.021489
-0.36121 -1.064834 3.212126
1.454812 0.84503 -0.062962
-1.618716 1.689531 1.646382
-0.021906 -2.613092 0.302043
2.22617 -0.299103 -0.565626
-0.109377 -0.042688 -2.761182
-0.766758 0.68412 -0.15862
-3.258493 -1.00172 0.51497
-0.484777 -0.304644 -0.025718
2.37917 -1.980806 -3.804477
1.22334 -2.653896 0.937841
-0.854641 -1.227072 6.057167
1.641561 2.740694 -2.500484
1.238975 -0.533261 -1.644126
-4.232337 -2.674903 -4.617307
5.411626 5.591039 4.319896
-0.678008 -0.165468 -0.662428
0.737518 1.024825 -1.825565
-1.514119 -0.885753 0.214055
-1.146186 1.471939 0.362158
1.154669 -1.001919 0.530575
-2.261615 -3.366866 2.399083
-0.034055 1.525464 0.106897
0.761532 -0.572929 -2.273204
3.843361 -2.66537 4.512487
-0.298712 0.394437 0.251689
-0.798847 0.028937 3.106438
-2.139625 2.023363 -2.411079
1.357215 -1.751313 2.984769
-1.121233 -0.44883 0.68324
-1.622867 0.226062 0.47367
2.406474 -1.267412 -1.569896
-0.136045 2.660831 -1.118158
2.014549 0.074739 0.617932
-5.909361 -2.783927 -3.068972
3.771338 5.798933 4.381951
-0.961697 -1.862245 -0.520502
0.85092 -1.893145 2.153868
-3.64408 4.541012 3.745893
-2.125979 1.877982 -3.423542
3.014085 -2.826626 3.845186
-1.629172 1.574436 -3.664901
1.23466 -3.423302 2.161882
0.820836 0.375932 0.558288
-0.490107 0.034215 -1.093558
-7.265892 -4.118635 4.655266
-0.281722 0.272552 -1.77256
1.44902 1.037291 1.457164
-0.717259 -0.097972 0.079172
1.474746 -1.077744 -3.779459
-1.86001 -1.399552 -1.309041
-0.004035 -0.596531 0.446891
-1.455757 -2.437925 -1.143733
2.293484 1.526147 1.163013
-1.043271 3.255808 0.693401
0.801833 -0.140766 0.682486
0.753135 0.227311 1.266498
-1.416458 -0.55792 0.401431
-1.237975 -1.037778 0.412194
-2.95657 3.170573 -2.066285
0.830344 -0.09553 2.054057
-1.599747 1.333581 -2.589776
5.794295 6.124096 -5.66062
2.437804 -3.325772 -2.041731
-0.168485 4.129303 1.610604
-1.18898 0.573052 -0.880579
-4.903923 4.66396 4.676858
-1.337481 -0.945806 -0.394554
1.432099 0.426629 -1.698304
-2.452155 -2.920439 2.238825
1.703422 -1.147011 -0.178958
0.132386 0.369927 -0.376614
2.547895 0.541935 0.718984
-1.547764 -0.339543 -0.120999
-1.054763 0.317925 0.753529
-2.977183 0.522595 0.373183
-0.963478 0.299641 -0.618913
0.985413 -0.853808 -0.742351
-1.918864 3.842561 1.164656
-1.133424 -0.069959 0.296288
2.161557 0.82865 -4.634617
2.399939 -0.403815 -1.353146
0.135758 0.605893 0.868125
-1.033833 1.282136 -2.925538
1.383688 -0.091301 -0.756914
-1.152635 0.832498 0.79228
1.080437 0.529305 -1.253864
1.300782 -1.497778 -1.296147
-0.718063 2.41763 0.63961
0.205496 -2.67107 0.55072
-0.578835 1.047226 0.716161
-1.460387 -0.548916 0.654529
-0.545614 0.794314 1.064907
-2.298043 -2.405753 2.406043
-1.395141 -0.447651 -0.378134
-1.232575 2.776342 -0.77441
0.569623 -0.496823 0.863366
3.380328 -2.264215 -3.470581
1.16665 -1.111315 2.146678
-2.017507 -0.870149 2.39232
0.278582 1.378567 0.871879
-3.004566 -1.833573 2.183484
0.41224 -3.598875 0.040136
1.782789 1.788181 2.511448
-1.146943 -0.335296 -0.082213
-0.132031 1.470063 -1.550924
-1.860902 -2.115936 -1.72552
-1.404348 4.099088 -1.555071
-0.342566 -0.88858 -1.164329
1.0086 0.058416 0.565472
0.548085 1.815306 -1.12984
-2.604907 4.227319 -3.350044
2.238434 -1.265699 2.524952
0.240341 -0.214121 -1.346809
4.778106 -2.478401 2.296475
-0.465252 -1.786965 0.293493
0.439746 -1.372796 1.391547
3.366631 -3.991127 -4.37574
3.127728 1.836587 -1.659844
-2.725238 -2.158358 2.371253
-0.520083 -1.839958 -3.103371
2.30555 2.167595 1.186811
2.299911 1.485557 -2.58362
1.026961 0.993925 0.708531
3.518192 2.883886 -2.785341
-2.163997 -3.681834 1.795818
0.812672 -0.907049 0.808633
2.273733 -2.405376 -2.413665
-0.758908 -0.453976 2.573155
1.058528 -0.048569 1.727765
-1.414773 0.759333 1.216195
0.576333 -0.225582 -1.334319
-0.742773 -1.241152 -1.130171
1.096329 1.256541 1.4329
0.122419 -2.137979 1.725851
4.099815 -1.406334 -1.59158
-0.882912 3.971913 2.116733
-2.179532 -2.132738 1.466573
0.643459 1.102945 -0.967668
-1.249664 0.426838 1.112322
-0.70844 0.63498 0.285201
-2.131252 -1.449911 1.95039
-2.229848 -3.717632 -2.923446
1.364672 1.075187 5.077642
1.740827 1.51761 -1.373185
1.241038 -0.744173 -0.046308
-0.711458 0.812295 0.65879
0.165695 -0.767655 -0.659502
2.753926 3.120931 -2.494797
-3.081127 1.158723 -0.740559
1.000705 -2.548269 1.41947
-0.549485 -0.947776 2.467801
-1.082781 -2.265237 -0.920841
2.613738 1.587119 1.918543
-1.561755 -1.694742 -3.042273
3.663862 -0.330794 0.18614
0.688222 2.779306 -0.890732
1.643358 -1.422935 -2.757147
3.056312 0.739448 -0.685866
0.769591 0.770838 -0.228057
0.253687 0.470438 -2.435306
1.232497 -0.406516 1.033761
1.446924 0.192333 -1.482512
-0.355358 0.179743 0.567014
-3.066413 1.712588 2.174224
0.806333 0.04158 -0.275505
-0.366018 0.945109 0.318629
0.045465 -2.155228 -0.267455
1.696058 2.266018 -0.668525
-2.876995 -1.534063 2.326815
-2.323364 -2.35859 -2.081016
2.013894 0.523344 2.358481
2.140596 0.577449 -0.537529
-4.896952 5.313615 -5.462837
0.503438 1.386181 -0.010898
0.808068 -2.277714 -0.743022
-1.29998 1.762923 0.596656
1.784932 -1.204646 -1.112433
-2.533093 2.912176 2.129504
-1.483271 -3.388517 1.58302
-4.55202 -3.415117 -4.270006
5.076073 3.096378 4.393249
4.176802 -1.174839 0.925129
-0.509696 -1.981391 0.489951
-1.050987 -0.245478 -0.300326
0.019621 0.976252 2.021454
0.428391 -0.079337 0.032832
-1.221248 -0.067305 -0.654574
0.579054 1.636614 -1.39368
-3.543129 1.438177 -1.315809
0.422015 0.249547 0.108859
-0.364559 -0.312623 -0.431423
-0.945965 2.33962 -0.180418
-0.018045 0.018134 -1.395469
-0.394097 -0.360592 1.175989
-0.998582 -3.704152 -1.547907
4.780988 -0.465041 -0.91795
-2.418855 -3.462533 -2.737566
4.052276 -0.567846 -0.271126
-1.861348 -4.006088 -1.951697
3.676462 1.076536 1.028332
1.568682 1.214497 1.509606
-3.098444 2.89804 -3.626863
-1.660135 1.630311 1.069521
1.794865 -0.304571 -0.198181
-2.148493 3.372865 2.607271
-1.108879 -0.421064 -0.201589
5.845467 5.321279 -5.273026
-0.075659 -0.561522 1.713176
1.904179 1.377789 -2.775322
0.485719 0.279219 0.294594
-5.289814 -5.166683 -4.740394
3.427181 7.68623 4.363269
2.096484 -1.671313 2.352135
0.272043 0.678895 -0.583923
-0.284713 0.357237 1.312241
-1.369199 0.532368 -2.795004
-2.366335 -0.637898 -0.779649
-1.194451 -2.201373 2.771293
-0.143262 1.185498 4.131352
-0.469001 0.041674 -2.005818
-1.069677 -0.19877 -0.774752
0.14245 1.529825 -0.125783
0.681268 0.804203 -1.732081
1.243339 -1.07005 -1.275213
0.326599 3.653951 -1.873431
3.100525 -2.168687 -1.179711
0.628585 -0.89606 0.744264
-1.641365 -1.86816 0.936106
-0.818698 -0.569697 -0.433359
1.461548 0.993739 0.756782
2.702347 2.160983 -1.158668
-2.359787 -2.24224 1.885093
1.034832 -5.167762 -0.722419
4.362626 3.337443 3.473607
0.123387 0.093402 -0.331814
-0.53425 1.458453 -1.208678
0.513754 3.357557 -0.830353
0.353404 -3.295085 0.207488
0.641942 -0.295553 1.039376
-1.142596 -3.379072 0.829033
-2.052777 0.275765 0.632133
0.186128 1.420177 -0.030976
2.746131 2.224891 -4.063807
0.337341 -0.46266 0.490813
2.26341 1.139118 -1.443264
-0.45745 0.598576 -0.280174
-1.196999 1.814696 0.574647
0.978116 -3.50365 -0.683279
-2.914317 -0.038955 1.030085
-0.437476 1.291421 1.331569
-2.282484 -0.363699 -1.225176
-0.279824 -0.253562 2.36293
0.915669 1.503688 0.504186
1.968775 -1.284325 -2.447659
-1.899577 1.940032 3.575028
-0.223278 -2.299182 0.64911
-3.086059 -3.536698 -3.03581
3.477257 3.077941 3.28536
-2.514367 0.912967 0.412442
-0.941478 -1.04514 2.90509
0.924288 -0.213276 -0.764424
1.121548 -0.948912 0.720642
1.736374 -0.974614 1.401883
-2.854836 -2.288763 0.905176
-0.784817 0.981653 2.62693
3.104706 -5.051658 -3.217228
0.837314 -1.899987 0.26559
2.378525 -0.481414 -1.650458
2.576449 3.557942 -2.102768
0.298372 -0.91288 -3.436766
-7.696435 7.416706 8.076322
-1.069759 -0.147093 0.497802
1.075943 -0.044868 1.130915
-2.304511 -1.101624 0.665656
0.27376 0.88958 0.939321
-1.283055 -0.493189 0.130357
-1.373746 3.399167 1.426851
1.028232 -0.915136 0.008147
-3.278241 5.06176 2.596232
-4.23863 -1.864941 2.144017
-0.885788 -1.915057 -2.022002
-0.027125 0.404409 2.564089
1.263561 0.095035 0.893407
-0.109931 -0.546656 -1.154649
2.770303 2.943074 -2.431529
-0.105282 0.235684 -0.53219
1.914695 -0.853688 0.197109
-0.649141 -0.679221 0.647847
1.405783 -0.029148 1.162041
-1.163742 0.374492 -1.155157
-1.438536 2.560836 1.034728
-2.458577 0.092274 -0.727196
-2.92036 1.628299 0.296279
0.333925 -1.16477 2.841413
-2.334087 3.320168 4.249052
-3.35307 -4.859921 3.84609
-3.879432 -3.018776 -5.581562
0.07288 -0.68642 1.663713
1.270893 1.81963 -0.947757
0.76859 -1.974777 -3.484137
4.11475 2.661943 -2.399414
-2.423884 1.641081 -2.224312
-0.248192 -2.508982 -0.069701
0.437274 -0.671759 0.427583
-1.658428 1.012792 0.56172
-2.025263 -2.236893 2.547609
1.469459 0.240013 0.128525
-2.160693 2.050579 -5.534597
-2.595204 1.714642 0.556435
1.671014 2.045158 1.707308
-2.358415 -1.125436 -1.221885
1.705734 0.366937 -2.170944
-1.705534 3.349052 1.571567
7.042156 -8.405091 -8.196403
1.308225 -0.681479 1.689677
-1.226398 -1.959177 0.33141
-0.751261 0.598859 3.028005
-2.133108 1.986696 -1.537794
0.490846 -0.928422 0.842274
-0.68862 -0.02112 -0.432268
0.502853 1.280152 -0.490875
2.014568 -2.530569 -4.809204
-0.250741 -0.284246 -1.307634
0.669265 2.054575 1.335811
0.828119 1.194994 0.415871
-2.652482 -3.261128 2.066666
1.763077 2.163392 -1.389904
-0.865088 -0.370236 0.853038
2.310798 2.572067 -2.248339
-1.748808 0.191828 -1.327609
2.184735 2.458961 -2.794637
-3.610133 5.111601 -8.34028
-0.132025 -4.13356 -0.835902
-1.783274 -1.821723 4.958857
-2.689599 0.522156 1.609855
0.686716 -0.188946 2.454297
-1.251131 -3.413341 -0.441864
-0.990467 3.318308 0.757156
-1.956995 -0.112654 -0.830066
0.311998 0.838435 -0.859046
-0.969599 1.986013 0.977114
4.679181 -3.18536 -3.184476
3.486167 2.745308 -3.263837
0.525545 -2.154895 0.15444
-1.15495 1.410837 -0.838008
0.130749 -0.689507 1.258775
0.153798 2.129096 0.501076
-2.353289 -1.635173 1.668475
1.932284 -0.703149 2.679049
-2.642446 0.131093 -0.28621
4.588312 3.19119 -2.886524
-3.456343 3.898437 -3.63934
-0.46476 -1.363667 -0.912298
1.294176 1.043316 -0.142702
2.640797 -4.412242 2.537629
0.370878 -2.604516 0.719483
-2.234157 -3.16216 -2.107389
0.749244 -0.079205 3.876841
4.030912 -4.112386 3.876701
-0.321965 -0.33699 -0.325001
0.146349 1.869356 -1.618183
0.756055 -0.408208 -1.967344
-1.701062 4.70682 2.970782
-0.130313 -1.071107 -0.101631
0.826781 -1.676366 0.14964
0.855494 1.271956 0.643879
1.179926 -2.359332 1.719813
0.25727 -0.534788 -1.297099
2.536117 -1.855963 3.044063
-0.980698 -0.175877 -0.107605
1.172085 1.174004 -1.192147
-2.935303 -2.032081 2.431276
0.498093 0.029127 1.564696
-0.170228 -0.994491 0.824099
-0.208379 -0.890668 0.829012
-0.129924 0.601371 -0.479224
0.120044 0.409688 0.003823
-2.82792 -0.495788 0.866204
-0.087633 0.122487 1.454108
-1.578949 -0.492746 0.878381
-2.388483 -3.099625 -2.63472
-0.832341 6.105607 -1.680906
7.531975 -5.137317 5.147863
1.280801 -2.595895 -4.256257
-1.668169 2.549948 3.191265
-0.830908 1.530429 0.032163
0.613141 -3.178333 0.09515
1.642917 0.939445 1.562277
0.742922 -1.269066 -0.710284
1.4894 1.148858 0.923071
-0.791648 2.195317 1.270301
-2.682876 2.932858 -3.246726
-0.589714 -2.148102 -1.152113
0.600902 0.539006 1.668975
3.720617 -1.316718 1.428619
1.939564 -1.365085 -2.623614
-0.231788 -2.948391 -1.012012
2.502456 1.468776 0.297391
-1.798361 -2.034387 -0.8265
-1.183189 -0.481129 3.580291
0.487057 -0.203927 1.054983
0.925471 -0.724907 -3.293621
1.267008 -0.021914 -2.315448
-0.448584 1.602041 0.164701
0.485482 3.703307 -0.911663
-5.908019 -4.022096 3.901087
4.957658 4.287772 2.27642
5.536971 2.224415 -1.235125
-0.084699 -2.866552 0.255995
-0.844101 0.585087 1.23381
1.855735 -0.213586 -0.80722
1.628338 1.600042 -2.35263
-1.464181 -2.688947 2.022985
1.979356 0.062858 0.235803
-0.115104 1.190746 -1.689359
-0.040464 -0.315712 2.587204
0.513714 -2.058074 -0.89466
0.16404 -0.235893 0.733794
-0.4956 1.418951 -0.76776
0.482371 1.038914 -2.137198
-1.523864 -0.116302 0.206241
-0.440269 0.658809 -0.719218
2.314679 -3.081 -0.657353
-0.586211 1.785192 0.472925
0.807698 -2.182532 -1.244917
-0.602615 1.165013 2.29217
-1.423777 1.086002 -1.079953
-0.117606 2.852641 -1.245761
-0.252856 2.110804 -0.822511
1.210301 -0.512072 0.920715
-3.321999 -2.174805 3.726667
0.079216 -0.295058 -0.69195
2.743199 -1.922763 -2.540415
0.13278 1.56889 3.326189
-0.838859 -0.141946 -0.503454
-0.571527 -0.685751 1.389313
1.019502 -2.017283 -0.569889
-3.973957 -0.830766 0.650152
2.969156 2.291524 4.024203
-0.963187 0.781153 -4.242256
1.096145 2.628768 1.971395
2.042761 1.967821 -0.787621
-0.482778 -0.285563 -0.441447
-1.876521 1.487162 3.996058
-1.052663 1.160644 -1.463714
0.206632 1.679059 0.597814
-1.389459 -1.322686 1.299667
-2.334951 -1.841096 -2.940712
2.687104 3.188075 1.833848
-2.559392 -1.235406 -1.688391
2.128819 0.007069 -1.189634
1.022775 -1.414139 -0.610502
1.609505 -2.348787 -1.333712
-2.467018 -2.39316 -1.50201
2.00758 -0.14506 2.119906
-3.154858 0.140776 -0.514834
0.518033 1.93559 2.05698
-0.156601 0.175659 -1.368874
-0.950674 -2.034298 1.407025
0.79492 -0.532251 0.708975
-3.366173 2.235868 -3.146346
-0.876604 2.965644 0.912284
-0.766917 0.183585 -0.431046
2.792615 -1.261868 0.730502
-1.873296 1.746282 -1.021801
-1.305672 -2.932482 -1.357209
1.093421 0.93294 1.289818
0.844598 -1.552286 0.40631
2.866149 -1.555519 -1.46879
-0.487687 -1.197399 -1.490489
-1.493902 1.989248 0.572941
2.413755 2.228363 -1.596969
0.293127 -1.039161 0.16083
1.167445 0.681521 -0.35837
-2.981269 -2.338489 2.646467
-2.493719 0.617071 -0.226055
2.373922 -1.181603 -0.139061
-1.410179 1.290234 2.71191
2.167461 -1.729842 -2.025766
1.086389 -1.728937 1.305189
3.307133 -3.699877 -3.457229
-1.435324 3.313904 1.939668
1.519696 0.2133 -2.311313
0.494406 0.209972 -2.032991
0.856777 1.385929 0.271676
-4.21089 5.816627 6.61274
-1.968633 1.430923 -2.686206
0.633133 1.959731 -0.256296
-0.053949 -0.733875 -2.535012
-0.946649 2.305647 -0.498029
2.402525 -3.404364 -1.632638
2.706185 -1.081925 0.795436
-2.542279 0.379551 -1.817598
-0.078131 -2.089471 -0.438354
0.121406 -0.356098 3.002513
-1.555387 0.095193 2.697604
1.707488 0.240419 -0.32837
-3.705426 -2.962684 -2.444925
2.162307 1.097487 3.192108
-1.44037 -2.006132 -0.960808
6.187979 -3.759729 -4.105857
-2.307121 -0.960372 -0.815656
2.79778 0.995206 1.640687
-2.316267 -1.731798 0.063422
0.810394 1.314483 1.031299
0.27817 2.199056 -0.915631
-6.328059 -6.203593 5.734281
-0.142764 -1.822894 0.530918
0.599141 0.672933 1.494586
0.918638 0.275954 0.54564
-1.919676 -2.273932 1.534574
-2.319637 1.229796 -0.768427
1.048179 0.794541 2.428189
0.275964 0.796079 0.021179
0.253519 -0.227327 1.030253
1.167847 0.890553 -1.821668
-1.441631 -1.321882 1.58843
1.550521 0.434601 -0.712154
-3.289755 0.283708 -1.028433
1.484868 4.184052 1.029261
0.914464 -3.399775 -1.212159
-1.492112 2.495024 1.015395
-2.045304 -0.075401 1.398338
-0.569737 1.377066 -1.460338
-0.410909 -1.150488 3.133206
0.28348 0.399865 -1.915592
-0.504871 -0.667325 2.000178
0.331568 -0.067777 -0.802511
-2.097814 -1.117464 0.167565
0.628222 -0.214223 0.608021
-1.9176 0.870581 -0.409025
4.907919 4.696284 -5.169438
-0.663673 -0.372172 0.618381
4.16638 -0.359199 2.036627
-4.060446 -2.525085 3.200341
3.043523 -1.917629 0.916685
0.903292 -0.613341 -0.479537
-2.186343 -3.910421 -0.273162
3.917724 1.15174 2.170094
0.388355 0.440223 0.423864
-0.485908 -1.17552 0.787659
0.929772 -1.189571 0.787026
0.343281 1.379647 0.926856
-0.122692 1.567406 -1.472113
0.752409 -0.007944 -0.023021
-2.727594 -0.751185 -2.755031
-0.352468 5.514266 -0.966977
0.929394 1.743184 -0.613327
0.017279 -1.572125 -0.423854
0.205559 -0.67672 -0.918862
-2.011423 0.021181 1.023115
2.510752 2.32229 -3.17437
-1.898444 -1.879597 1.234108
-0.14461 -3.35009 0.69251
1.424841 2.343961 1.342016
2.441072 2.339048 -1.828916
0.667519 -1.5306 -2.864199
2.232029 2.47145 -2.912083
-0.92006 0.450992 0.27295
-1.197563 -1.380376 -0.204442
2.87181 -2.337547 -1.903661
-3.290523 1.76936 0.651664
-0.54502 2.926879 0.797303
0.455985 1.127965 -0.513137
-0.268369 -2.008931 0.090715
-0.622504 2.031195 1.710775
-4.450066 -1.591348 1.523843
3.173014 -0.492988 0.378608
-1.575807 0.803566 -0.749468
-1.074567 -0.247937 -1.517998
-1.017846 -1.102535 2.513288
1.334843 -1.725269 1.113158
-2.584772 1.706253 -2.048241
0.369813 -1.196443 0.419769
0.329333 1.267229 0.725788
-0.830508 -0.790975 -1.702466
-0.031519 0.146434 2.0484
-0.103682 -0.308811 -0.653102
-0.660218 -0.674599 0.462597
0.101627 -0.070237 0.697863
-1.310322 -1.36998 0.571562
-2.803211 4.438781 2.95437
-0.853783 0.618651 -1.71481
2.019125 1.101593 -1.828426
-0.752008 0.095712 -1.495923
1.773417 -0.692746 0.614009
1.21633 1.014653 1.621155
0.521222 -1.451331 -1.35434
-0.123417 -1.043613 2.842466
0.304464 -0.339355 -0.562492
-1.071296 0.205644 1.105764
-5.044022 -5.084948 -4.614033
5.474206 5.112599 5.252837
0.85207 -0.055072 -2.790697
1.816501 0.121725 -0.408966
0.137385 -0.471329 -2.331073
5.018275 -2.243209 -2.343189
-4.215219 -3.734036 -4.105734
2.212528 2.499676 5.516867
1.251652 3.505643 -1.198993
-1.246474 -1.341916 1.594552
2.72916 0.990342 -0.905464
-2.689139 -2.30746 1.944968
-1.432547 0.630191 -1.200914
-0.337615 1.9405 -0.719633
-0.347166 1.139144 -0.365213
-2.967982 -4.229906 4.230668
1.928078 1.423363 -1.635813
-3.397811 -1.89293 1.355711
0.225396 1.236487 0.062022
-2.576516 1.184704 -1.205972
1.556562 -1.798996 1.262176
1.107729 -1.017702 -1.746904
0.283779 0.733064 -4.1314
2.35837 3.145079 1.375233
0.744635 1.144144 -3.295324
2.342001 -0.339519 -0.661919
-0.219014 0.229498 1.273944
0.368462 1.365436 0.506568
-1.569699 -0.283855 -0.371428
1.121816 -1.312146 0.136884
-0.211718 -0.177081 3.608524
-0.219481 -0.23467 -0.526572
-0.476123 -0.503314 -0.354688
0.100614 3.17954 0.208044
3.833949 -4.344304 -3.183621
-1.944687 1.695299 5.348025
0.458236 -2.587195 0.322683
-0.945791 -0.890149 -2.986942
1.534346 0.960099 2.576281
-1.109401 1.261365 1.88686
-1.656511 -1.393893 0.590426
-0.746063 -0.901293 -0.29308
1.239811 -0.578967 -1.191894
-1.267938 -3.795019 0.459224
2.057751 1.71956 3.509973
-0.594175 0.896175 -0.263939
0.013029 -0.222519 -0.471751
-0.663535 0.40617 -0.083032
1.260107 -0.598777 -3.318537
-1.313739 -2.091013 -0.564684
-7.577787 -8.060418 7.746706
5.673412 -3.455412 1.818891
0.826713 -1.154417 -1.163968
1.787198 -2.229223 3.057126
1.165475 -1.379334 -1.699944
5.117039 10.955946 -10.31315
1.408118 1.568823 -0.171019
-0.488415 1.491981 0.909365
-0.062236 1.109646 -1.366685
-0.853742 0.45509 -1.582818
1.809678 1.310395 1.530354
2.050212 1.054359 0.013344
-1.945497 -1.950001 2.166757
0.645533 -3.109612 1.214099
-0.136477 0.399276 -1.111137
-1.505353 -0.448682 1.244591
1.407368 -1.06069 0.741718
-0.334877 1.488492 1.236044
-1.142292 -2.741741 1.368877
-2.216757 2.547057 1.240224
-1.856444 -0.48183 1.959293
0.228638 0.292157 -2.202055
-2.93181 4.553587 -0.91453
4.279971 -3.096899 4.167309
-1.094655 -1.670878 1.103969
0.98208 -0.382347 -0.085907
-4.19348 -1.208134 1.270252
-1.47417 0.133083 -1.111655
-2.251115 3.289446 -1.842743
-1.840199 -1.790023 -3.555594
2.53275 1.568456 1.855462
2.064938 -1.853175 1.960419
-1.300206 1.162532 -0.74331
3.364275 -2.187082 2.110113
-2.795923 1.626258 -0.857472
-0.839831 0.282844 2.180432
0.12084 -0.670694 0.642925
0.258806 -0.419167 -1.043848
-2.153225 2.369779 -1.345906
0.654123 0.88572 -1.643533
0.415526 -2.638455 -0.199626
-1.655921 1.938965 1.67796
-1.898904 -0.056145 0.148154
0.812487 0.611278 -3.320316
1.414999 2.124277 0.835695
2.051067 -0.781244 0.768685
-0.060283 -0.491767 -0.560925
-1.196012 0.23937 -0.671272
2.63558 -1.300466 -1.688068
-2.533215 2.915827 2.740254
1.897796 -1.413414 -1.447135
2.928281 3.286404 -2.414986
-2.482203 2.059232 -1.438149
0.313545 -1.313957 0.427982
-1.473532 -0.348397 0.909172
-0.657125 1.52048 2.661428
-1.840586 0.501128 -1.320378
1.388912 0.099765 -1.331313
1.349432 -0.978744 -0.869291
1.300104 2.302318 -0.320064
0.166566 -0.794446 -1.355127
-0.057362 -1.995166 0.24986
0.966818 1.608209 -1.110299
0.633475 0.390871 -1.457428
0.475903 -1.063251 -0.752572
0.508661 0.134049 1.099347
-0.302983 -0.800025 1.876935
1.286035 0.904878 -0.725788
-3.405981 -3.826471 3.537301
-0.852249 0.024168 0.040708
1.683459 0.735925 0.290711
0.311265 1.155951 0.312185
1.503182 0.840884 1.208255
-0.235266 -0.849077 -0.915129
0.728633 0.14647 -1.076289
-0.595109 -0.605908 -2.942766
-3.697243 -3.383185 5.023314
-3.947138 -4.428759 -4.62185
3.41445 3.146389 4.171679
2.288536 -1.110779 2.514636
-3.296583 -1.970919 2.789489
2.21295 0.472612 -0.264396
1.258669 0.657886 0.354389
-1.587552 -1.401231 0.327408
1.705263 1.110644 0.905603
3.232975 3.035585 -4.104832
-0.384538 0.113034 1.814661
-2.441956 0.208234 0.486224
-3.06811 5.318995 -5.098321
-6.605003 -9.428353 -9.576224
-2.008919 -1.918447 1.515419
4.770532 -3.798246 3.805592
1.311827 -1.426052 -0.854218
-1.55914 -0.173361 0.420004
-2.878934 0.330263 0.185998
0.292929 -0.733899 1.748331
-0.7582 0.673275 -0.880209
-0.389502 -0.457856 -1.499556
-0.086511 -1.496243 1.447658
-7.479079 -5.376637 -6.231657
6.91874 6.194041 6.435702
-1.564106 2.553857 2.220972
-0.686302 -0.832932 0.349766
2.146868 -0.346992 1.28983
-1.437491 -0.700852 2.175761
2.808424 -1.946397 1.596606
-3.61069 0.036926 -0.051719
-2.712107 -2.40734 -3.021186
1.394971 2.717714 1.349664
0.115095 -0.93338 -1.342512
-0.73933 -0.7496 0.821288
-2.437184 -2.12854 -3.66179
2.600245 3.941516 1.337469
-0.38017 -1.001573 0.693644
-0.19111 -0.365434 -0.938267
0.200655 -1.567967 -1.896103
2.695694 -0.63062 0.310135
0.671079 -2.885252 0.40515
-1.944663 -2.131259 3.148561
1.643545 -0.433735 1.224479
-2.0985 1.387797 -2.70164
0.691322 -1.112998 0.806386
0.697828 -0.82546 -0.68867
1.385477 -1.494678 -1.496173
1.691592 2.15202 1.720795
-0.588281 0.326933 2.665429
-0.287591 1.64006 0.796822
1.19482 2.744697 -0.164908
-1.305493 0.083035 -1.87325
-1.537837 -2.814652 -0.899212
2.227786 4.050719 2.548921
0.83929 -0.739416 1.271234
1.47924 -0.324401 -0.906949
-1.550718 1.010721 2.152547
-1.139286 1.23321 -2.233563
3.004375 1.933715 -1.859508
0.92936 -0.450768 0.026985
2.393214 2.936034 -3.578853
-0.880008 0.281356 1.146543
-3.621948 4.029893 3.472004
0.262018 0.532205 -0.42812
-1.919395 -1.589332 -0.74212
-1.014138 3.786272 -0.943075
-2.501229 -2.298247 -2.425666
2.258553 1.947749 2.309973
5.080885 4.021404 -4.771643
0.529085 -0.776349 -1.200649
-1.756599 -1.224404 -0.983172
1.288418 -2.362329 0.695555
-0.558703 0.49924 1.367026
-1.511637 2.044555 -5.408263
-0.354812 0.571586 2.182229
-6.912923 -0.148796 1.261143
-0.11734 -0.131443 0.892512
-2.865138 -0.60265 0.645993
2.33548 -4.156644 4.888409
-2.30125 -0.661628 0.008069
0.153381 7.257151 -2.096457
1.510809 -2.050434 -1.424051
0.125078 -1.006888 -0.693873
-1.517393 0.437506 -0.057768
1.799819 -1.912798 0.499087
-1.921182 2.847587 -1.763262
1.15151 -0.837824 -0.882844
-3.417286 4.873818 -3.950595
1.919968 0.425423 -0.223154
4.011351 -5.166587 -3.216163
-1.432558 -2.174007 -1.679098
1.357958 2.468618 2.167654
-3.831549 -5.109222 -4.039203
4.428471 3.80514 4.395573
-2.237737 2.000893 1.282022
3.48322 -3.276545 -3.183627
1.895544 -2.915007 1.787563
-0.272523 0.805668 0.636738
1.483406 0.825001 -0.886796
-0.938697 0.527566 -0.902757
1.067963 -0.908949 1.368287
-1.801367 0.365117 -0.91117
0.027355 1.302748 0.381606
0.266486 0.126298 0.42702
-2.298392 -1.212397 -1.450636
-1.477006 2.602271 0.030472
3.287623 1.60547 -2.059313
-3.655155 -2.596431 3.094336
1.74965 0.908574 -0.337401
-0.132592 -0.376074 -1.358166
-4.789269 4.27034 4.451545
3.723887 -4.477213 -3.629349
2.647988 2.593244 -1.234148
4.185562 -3.738343 -3.628197
-2.785823 -2.588313 -3.288676
3.238447 2.973828 2.120269
-1.33855 -1.968889 -1.178466
2.549877 0.916264 0.973084
-0.577962 -0.019392 0.38709
-1.416924 0.833274 -2.161007
-3.98064 3.533064 3.897903
1.128433 0.696893 -0.846744
10.207333 7.29566 10.608194
