-1.5315812040252537e-16 3.282294388512296e-08 -2.146494227153739e-08
1.0490989234356975e-16 -3.2822944126374415e-08 2.1464942327048542e-08
2.7796578051011974e-16 -6.214477374224269e-09 1.7613476522779226e-08
-2.3700930594377017e-16 6.214477431007262e-09 -1.761347627471377e-08
2.5251107311534665e-11 -8.144174296720933e-10 2.3838654294918576e-09
-2.5251094092170566e-11 8.144175103491902e-10 -2.3838655257690106e-09
1.506792459254318e-16 -3.0352120139325006e-08 6.24378414249005e-09
3.047689971465764e-16 3.035212014017755e-08 -6.243784926585061e-09
-1.0238369595342283e-10 -3.3480577621140465e-08 1.3095926872444541e-08
1.0238369938541508e-10 3.348057768059048e-08 -1.3095927562864484e-08
-3.196106572020557e-16 3.670082764619944e-09 -1.1528460810983354e-08
2.799896064658898e-16 -3.6700826784735914e-09 1.1528460765880544e-08
-2.0235756796536265e-16 3.904611334918389e-08 -7.46209830038147e-11
1.0193755588612968e-16 -3.904611312575271e-08 7.462119117063182e-11
-3.412743346355774e-11 3.1010494420757954e-09 1.8327463948385192e-08
3.412734392782717e-11 -3.1010496899978665e-09 -1.832746352337794e-08
-2.958180856193319e-17 -2.8073202530067042e-08 7.4361515530266264e-09
3.571504887010938e-16 2.8073202626331996e-08 -7.436151723896889e-09
8.876854590306418e-17 -2.0658694748196473e-08 2.593199579375982e-08
2.3281938761746387e-16 2.0658695385324594e-08 -2.5931996244787925e-08
-5.587403276805307e-17 -1.3587524752220774e-08 9.65993307480012e-09
-8.757645754483854e-17 1.3587524735080738e-08 -9.659933086075823e-09
-2.182200725327092e-17 -1.5246172376442543e-08 1.0827649874790846e-08
5.1539384887731296e-17 1.524617262256996e-08 -1.0827649580755216e-08
-6.825507449914379e-11 1.6703851983851086e-08 -6.719451117916109e-09
6.82552039833865e-11 -1.670385247803256e-08 6.719450386947004e-09
-6.825441771528489e-11 3.566985364787374e-08 -2.77302539472557e-08
6.825463210404263e-11 -3.566985309594739e-08 2.773025385705008e-08
-2.0738896737308203e-16 3.4634616989548698e-09 9.552936477887769e-09
1.7700116722607456e-17 -3.4634616205520568e-09 -9.55293618862263e-09
1.2705341608590755e-16 -9.267352788006999e-10 -1.1873057463411552e-08
-2.3255646925074144e-17 9.267350585946437e-10 1.187305772708952e-08
-1.7557089560501011e-16 -6.444823882658365e-09 -1.3755103489814652e-08
1.2147462828371954e-16 6.44482427709586e-09 1.3755103732242258e-08
-1.717037258834006e-16 1.0973930483550515e-09 -7.995140411699853e-09
1.3942156345924744e-16 -1.0973928438759503e-09 7.995140397822065e-09
2.682643744060735e-10 2.6554983019699998e-09 7.617125237849298e-10
-2.682645541971273e-10 -2.6554979824741434e-09 -7.617124448550117e-10
-4.379141124998757e-10 4.193878464724403e-09 -1.020077289911464e-08
4.379140261825301e-10 -4.193878101219797e-09 1.0200772585563372e-08
