3.0 , 13.5
3.05 , 14.186312500000003
3.0999999999999996 , 14.89549999999999
3.1499999999999995 , 15.627937499999993
3.1999999999999993 , 16.383999999999986
3.249999999999999 , 17.16406249999999
3.299999999999999 , 17.968499999999988
3.3499999999999988 , 18.797687499999977
3.3999999999999986 , 19.65199999999997
3.4499999999999984 , 20.53181249999997
3.4999999999999982 , 21.437499999999964
3.549999999999998 , 22.36943749999996
3.599999999999998 , 23.327999999999957
3.6499999999999977 , 24.31356249999994
3.6999999999999975 , 25.32649999999994
