3.0, 13.5, -3.5182584 
3.05, 14.186312500000003, -3.7105127 
3.1, 14.89549999999999, -3.8631318 
3.15, 15.627937499999993, -3.9800256 
3.2, 16.383999999999986, -4.0651271 
3.25, 17.16406249999999, -4.122445 
3.3, 17.968499999999988, -4.156946 
3.35, 18.797687499999977, -4.1726401 
3.4, 19.65199999999997, -4.1725689 
3.45, 20.53181249999997, -4.1591651 
3.5, 21.437499999999964, -4.1342401 
3.55, 22.36943749999996, -4.0979436 
3.6, 23.327999999999957, -4.0519724 
3.65, 24.31356249999994, -3.9985777 
3.7, 25.32649999999994, -3.9391287 
