
3.0, 13.5, -3.7002805 
3.05, 14.186312500000003, -3.8116065 
3.1, 14.89549999999999, -3.9078241 
3.15, 15.627937499999993, -3.9928774 
3.2, 16.383999999999986, -4.06641 
3.25, 17.16406249999999, -4.1231225 
3.3, 17.968499999999988, -4.1587768 
3.35, 18.797687499999977, -4.1719537 
3.4, 19.65199999999997, -4.1635341 
3.45, 20.53181249999997, -4.1377834 
3.5, 21.437499999999964, -4.1032672 
3.55, 22.36943749999996, -4.071218 
3.6, 23.327999999999957, -4.0504932 
3.65, 24.31356249999994, -4.0515543 
3.7, 25.32649999999994, -4.0832969 
