0.0, 0.0, 0.0, 0.0, 0.0
0.3795998103266122, 0.7167535500000213, -1.074602, -3.464463, -1.441005
0.7592091074927908, 2.783026990000053, -4.979214, -5.975376, -4.303068
1.138808917817208, 5.889254770000036, -12.88015, -6.195539, -9.504452
1.518421377253363, 8.94792172000001, -21.220115, -1.949728, -14.310628
1.898021187579317, 10.281519890000027, -23.510542, 4.479867, -15.101551
2.2776304847362754, 9.665135540000051, -17.759182, 7.256656, -12.706245
2.657230295062887, 8.921871640000006, -8.09058, 3.97484, -11.687104
3.0368395922241267, 10.057108810000045, 0.939702, -1.442422, -15.437194
3.416439402550556, 13.698144250000041, 13.182061, -6.595848, -21.095357
3.7960518619876624, 19.53850520000003, 33.261887, -10.441089, -21.85776
5.314470076959696, 19.711149669999998, 33.231266, 9.784226, 21.697256
5.694069887286246, 14.196299170000032, 12.826246, 5.594222, 20.761634
6.0736823467234435, 11.046114110000019, -0.0, -0.0, 14.906959
6.453282157050007, 10.575145820000046, -9.446566, -5.819008, 10.924133
6.832891454208825, 12.348878930000012, -19.067222, -10.961939, 11.098813
7.212491264535438, 16.001869, -24.31335, -18.448868, 10.126103
7.592100561695689, 26.629026220000014, -21.334394, -49.43726, -2.72099
