0.0, -289.19594812, 0.0, 0.0, 0.0
0.3795998103266122, -288.47919457, -1.074602, -3.464463, -1.441005
0.7592091074927908, -286.41292113, -4.979214, -5.975376, -4.303068
1.138808917817208, -283.30669335, -12.88015, -6.195539, -9.504452
1.518421377253363, -280.2480264, -21.220115, -1.949728, -14.310628
1.898021187579317, -278.91442823, -23.510542, 4.479867, -15.101551
2.2776304847362754, -279.53081258, -17.759182, 7.256656, -12.706245
2.657230295062887, -280.27407648, -8.09058, 3.97484, -11.687104
3.0368395922241267, -279.13883931, 0.939702, -1.442422, -15.437194
3.416439402550556, -275.49780387, 13.182061, -6.595848, -21.095357
3.7960518619876624, -269.65744292, 33.261887, -10.441089, -21.85776
5.314470076959696, -269.48479845, 33.231266, 9.784226, 21.697256
5.694069887286246, -274.99964895, 12.826246, 5.594222, 20.761634
6.0736823467234435, -278.14983401, -0.0, -0.0, 14.906959
6.453282157050007, -278.6208023, -9.446566, -5.819008, 10.924133
6.832891454208825, -276.84706919, -19.067222, -10.961939, 11.098813
7.212491264535438, -273.19407912, -24.31335, -18.448868, 10.126103
7.592100561695689, -262.5669219, -21.334394, -49.43726, -2.72099
