0.0, 0.0, 0.0, 0.0, 0.0
0.4553679830642466, 1.0183099999999854, -1.5627600004298379, -3.974820000427425, -1.8527800009080602
0.9107359661284932, 3.888249999999971, -7.703900000429838, -6.256220000427425, -6.16641000090806
1.3661039491927398, 7.60014000000001, -17.759800000429838, -3.7980000004274252, -12.83270000090806
1.8214719322569863, 9.98624000000001, -22.99890000042984, 2.7551399995725747, -14.25350000090806
2.2768399153212333, 9.505229999999983, -18.124200000429838, 6.714449999572575, -11.629800000908059
2.7322078983854796, 8.785229999999956, -7.1635900004298385, 2.973639999572575, -10.82540000090806
3.1875758814497264, 10.682050000000004, 4.378089999570162, -3.3005100004274253, -15.676300000908059
3.6429438645139727, 15.940679999999986, 22.621199999570162, -7.889370000427426, -20.59380000090806
4.09831184757822, 21.941489999999988, 44.18649999957017, -6.497040000427425, -14.83890000090806
4.553679830642467, 24.67340999999999, 59.52939999957017, 0.060466699572575, 0.07979789909194
5.0090478137067125, 21.875429999999994, 44.196899999570164, 6.579429999572575, 14.947199999091941
5.464415796770959, 15.861649999999997, 22.64239999957016, 7.788659999572575, 20.61659999909194
5.919783779835206, 10.777249999999981, 4.312489999570162, 2.4527399995725747, 15.68969999909194
6.375151762899453, 9.43566999999996, -7.632090000429838, -4.592110000427425, 10.757399999091941
6.8305197459636995, 11.219889999999964, -18.33990000042984, -10.239600000427425, 10.26409999909194
7.285887729027945, 15.83377999999999, -22.65720000042984, -20.531900000427424, 7.80685999909194
7.741255712092192, 32.499570000000006, -17.02920000042984, -73.70280000042742, -12.945400000908059
