3.9 , 14.829749999999995
3.9499999999999997 , 15.407468749999998
3.9999999999999996 , 15.999999999999991
4.049999999999999 , 16.607531249999987
4.1 , 17.230249999999995
4.149999999999999 , 17.868343749999983
4.199999999999999 , 18.52199999999999
4.249999999999998 , 19.191406249999975
4.299999999999999 , 19.87674999999999
4.349999999999998 , 20.578218749999966
4.399999999999999 , 21.29599999999998
4.4499999999999975 , 22.030281249999963
4.499999999999998 , 22.78124999999997
4.549999999999997 , 23.549093749999955
4.599999999999998 , 24.333999999999964
4.649999999999997 , 25.136156249999953
4.6999999999999975 , 25.955749999999956
