3.9, 14.829749999999995, -3.8243836 
3.95, 15.407468749999998, -3.9274138 
4.0, 15.999999999999991, -4.0124945 
4.05, 16.607531249999987, -4.0804748 
4.1, 17.230249999999995, -4.130214 
4.15, 17.868343749999983, -4.163873 
4.2, 18.52199999999999, -4.1843088 
4.25, 19.191406249999975, -4.1932961 
4.3, 19.87674999999999, -4.1923462 
4.35, 20.578218749999966, -4.1826981 
4.4, 21.29599999999998, -4.1653325 
4.45, 22.030281249999963, -4.1410034 
4.5, 22.78124999999997, -4.1102826 
4.55, 23.549093749999955, -4.0735166 
4.6, 24.333999999999964, -4.0311745 
4.65, 25.136156249999953, -3.9837626 
4.7, 25.955749999999956, -3.9316556 
