
3.9, 14.829749999999995, -3.7841885 
3.95, 15.407468749999998, -3.8971345 
4.0, 15.999999999999991, -3.9820347 
4.05, 16.607531249999987, -4.047497 
4.1, 17.230249999999995, -4.1072326 
4.15, 17.868343749999983, -4.1498031 
4.2, 18.52199999999999, -4.1735405 
4.25, 19.191406249999975, -4.1826895 
4.3, 19.87674999999999, -4.1807118 
4.35, 20.578218749999966, -4.1701502 
4.4, 21.29599999999998, -4.1526907 
4.45, 22.030281249999963, -4.1293844 
4.5, 22.78124999999997, -4.1009745 
4.55, 23.549093749999955, -4.0663539 
4.6, 24.333999999999964, -4.0257292 
4.65, 25.136156249999953, -3.9819404 
4.7, 25.955749999999956, -3.9378383 
