
3.9, 14.829749999999995, -3.8899819 
3.95, 15.407468749999998, -3.9341098 
4.0, 15.999999999999991, -3.9813998 
4.05, 16.607531249999987, -4.0318443 
4.1, 17.230249999999995, -4.0832214 
4.15, 17.868343749999983, -4.128467 
4.2, 18.52199999999999, -4.1636712 
4.25, 19.191406249999975, -4.1866103 
4.3, 19.87674999999999, -4.1961597 
4.35, 20.578218749999966, -4.192568 
4.4, 21.29599999999998, -4.1775254 
4.45, 22.030281249999963, -4.1540471 
4.5, 22.78124999999997, -4.1262081 
4.55, 23.549093749999955, -4.0984291 
4.6, 24.333999999999964, -4.0752686 
4.65, 25.136156249999953, -4.0616508 
4.7, 25.955749999999956, -4.062037 
