5.2, 17.576000000000004, -3.42810125 
5.25, 18.087890624999996, -3.5252753 
5.3, 18.609625, -3.60749185 
5.35, 19.14129687499999, -3.6758691 
5.4, 19.68300000000001, -3.73145615 
5.45, 20.234828125, -3.7752371 
5.5, 20.796875, -3.80813445 
5.55, 21.369234375, -3.8310128 
5.6, 21.95199999999999, -3.84468225 
5.65, 22.545265625000013, -3.8499011 
5.7, 23.14912500000001, -3.8473793 
5.75, 23.763671875000004, -3.83778085 
5.8, 24.388999999999996, -3.82172675 
5.85, 25.025203124999997, -3.79979715 
5.9, 25.672375, -3.77253415 
5.95, 26.330609375, -3.74044365 
6.0, 27.000000000000004, -3.70399755 
6.05, 27.680640625000017, -3.663636 
6.1, 28.372624999999985, -3.6197689 
6.15, 29.07604687500001, -3.572778 
6.2, 29.79100000000001, -3.52301845 
6.25, 30.517578125000004, -3.47082025 
6.3, 31.255874999999993, -3.41649015 
6.35, 32.00598437499998, -3.3603126 
6.4, 32.767999999999994, -3.3025515 
