5.2, 17.576000000000004, -3.97698495 
5.25, 18.087890624999996, -4.0501221 
5.3, 18.609625, -4.10937705 
5.35, 19.14129687499999, -4.1558331 
5.4, 19.68300000000001, -4.19050425 
5.45, 20.234828125, -4.21433945 
5.5, 20.796875, -4.2282263 
5.55, 21.369234375, -4.2329946 
5.6, 21.95199999999999, -4.22941995 
5.65, 22.545265625000013, -4.2182268 
5.7, 23.14912500000001, -4.2000916 
5.75, 23.763671875000004, -4.1756455 
5.8, 24.388999999999996, -4.14547735 
5.85, 25.025203124999997, -4.11013595 
5.9, 25.672375, -4.07013255 
5.95, 26.330609375, -4.02594325 
6.0, 27.000000000000004, -3.97801095 
6.05, 27.680640625000017, -3.92674755 
6.1, 28.372624999999985, -3.87253565 
6.15, 29.07604687500001, -3.8157305 
6.2, 29.79100000000001, -3.7566617 
6.25, 30.517578125000004, -3.6956347 
6.3, 31.255874999999993, -3.63293235 
6.35, 32.00598437499998, -3.5688162 
6.4, 32.767999999999994, -3.5035281 
