5.2 , 17.576000000000004
5.3 , 18.609625
5.3999999999999995 , 19.682999999999993
5.499999999999999 , 20.796875
5.599999999999999 , 21.95199999999999
5.699999999999998 , 23.149124999999987
5.799999999999998 , 24.388999999999985
5.899999999999998 , 25.672374999999963
5.999999999999997 , 26.999999999999968
6.099999999999997 , 28.37262499999996
6.199999999999997 , 29.790999999999933
6.299999999999996 , 31.255874999999936
6.399999999999996 , 32.76799999999994
5.2 , 17.576000000000004
5.3 , 18.609625
5.3999999999999995 , 19.682999999999993
5.499999999999999 , 20.796875
5.599999999999999 , 21.95199999999999
5.699999999999998 , 23.149124999999987
5.799999999999998 , 24.388999999999985
5.899999999999998 , 25.672374999999963
5.999999999999997 , 26.999999999999968
6.099999999999997 , 28.37262499999996
6.199999999999997 , 29.790999999999933
6.299999999999996 , 31.255874999999936
6.399999999999996 , 32.76799999999994
5.2 , 17.576000000000004
5.3 , 18.609625
5.3999999999999995 , 19.682999999999993
5.499999999999999 , 20.796875
5.599999999999999 , 21.95199999999999
5.699999999999998 , 23.149124999999987
5.799999999999998 , 24.388999999999985
5.899999999999998 , 25.672374999999963
5.999999999999997 , 26.999999999999968
6.099999999999997 , 28.37262499999996
6.199999999999997 , 29.790999999999933
6.299999999999996 , 31.255874999999936
6.399999999999996 , 32.76799999999994
