4.6 , 13.44940179999999 , -3.54284875
4.699999999999999 , 14.345743024999994 , -3.81361909
4.799999999999999 , 15.281049599999989 , -4.009169215
4.899999999999999 , 16.256150574999985 , -4.14538895
4.999999999999998 , 17.27187499999998 , -4.23105498
5.099999999999998 , 18.329051924999973 , -4.276712425
5.1999999999999975 , 19.428510399999976 , -4.28837142
5.299999999999997 , 20.57107947499997 , -4.27252037
5.399999999999997 , 21.75758819999996 , -4.23546594
5.4999999999999964 , 22.988865624999956 , -4.181612415
5.599999999999996 , 24.265740799999953 , -4.1131185
5.699999999999996 , 25.58904277499994 , -4.033216345
