5.4 , 15.510204000000007 , -3.7521293324999996
5.5 , 16.387937499999996 , -3.965707418333333
5.6 , 17.298176000000005 , -4.125177135
5.699999999999999 , 18.24151049999999 , -4.23898445
5.799999999999999 , 19.218531999999986 , -4.314441683333333
5.899999999999999 , 20.229831499999978 , -4.357810101666667
5.999999999999998 , 21.275999999999982 , -4.374397345
6.099999999999998 , 22.357628499999965 , -4.368986225833333
6.1999999999999975 , 23.475307999999966 , -4.345382229166667
6.299999999999997 , 24.629629499999947 , -4.306949543333333
6.399999999999997 , 25.82118399999997 , -4.2563766725
6.4999999999999964 , 27.050562499999952 , -4.195946449166667
6.599999999999996 , 28.31835599999994 , -4.127545040833334
