5.4, 15.510204000000007, -3.46494725 
5.5, 16.387937499999996, -3.6109825833333336 
5.6, 17.298176000000005, -3.709119 
5.7, 18.24151049999999, -3.766371 
5.9, 19.218531999999986, -3.7821355000000003 
6.0, 20.229831499999978, -3.7508059166666663 
6.1, 21.275999999999982, -3.69906675 
6.2, 22.357628499999965, -3.6305410833333336 
6.3, 23.475307999999966, -3.548385 
6.4, 24.629629499999947, -3.455340916666667 
6.5, 25.82118399999997, -3.3537855000000003 
6.6, 27.050562499999952, -3.245771916666667 
