0.0, -282.02251461, 0.010878, 0.109887, 0.109887
0.25464329404089964, -281.76630609, -0.711073, -1.550377, -1.550377
0.5092865880817993, -280.86592889, -3.181283, -3.544638, -3.544638
0.7639440242583234, -279.10493794, -8.537115, -6.451446, -6.451446
1.0185873182992218, -276.08295408, -18.54608, -10.382655, -10.382655
1.2732306123401214, -271.7526551, -32.247455, -13.281743, -13.281743
1.5278739063810212, -266.90600655, -47.122124, -12.981497, -12.981497
1.782531342557544, -262.93008794, -59.759322, -8.343352, -8.343352
2.0371746365984436, -261.35793868, -64.898023, 0.0, -0.0
2.2918179306393434, -262.93008794, -59.759322, 8.343351, 8.343351
2.5464612246802427, -266.90600652, -47.122127, 12.981498, 12.981498
2.801118660856766, -271.7526551, -32.247497, 13.281757, 13.281757
3.0557619548976653, -276.08295436, -18.546189, 10.382728, 10.382728
3.310405248938565, -279.1049379, -8.537109, 6.451439, 6.451439
3.565048542979466, -280.86592895, -3.181282, 3.544645, 3.544645
3.8197059791559878, -281.76630614, -0.711086, 1.550385, 1.550385
4.074349273196888, -282.02251467, 0.010878, -0.109886, -0.109886
