0.0, 0.0, 0.0, 0.0, 0.0
0.25464329404089964, 0.25620851999997285, -0.721951, -1.660264, -1.660264
0.5092865880817993, 1.1565857199999527, -3.192161, -3.654525, -3.654525
0.7639440242583234, 2.91757666999996, -8.547993, -6.561332999999999, -6.561332999999999
1.0185873182992218, 5.939560529999994, -18.556958, -10.492542, -10.492542
1.2732306123401214, 10.269859509999947, -32.258333, -13.391630000000001, -13.391630000000001
1.5278739063810212, 15.116508060000001, -47.133002, -13.091384, -13.091384
1.782531342557544, 19.092426669999952, -59.770199999999996, -8.453239, -8.453239
2.0371746365984436, 20.664575929999955, -64.908901, -0.109887, -0.109887
2.2918179306393434, 19.092426669999952, -59.770199999999996, 8.233464, 8.233464
2.5464612246802427, 15.116508089999968, -47.133005, 12.871611, 12.871611
2.801118660856766, 10.269859509999947, -32.258375, 13.17187, 13.17187
3.0557619548976653, 5.9395602499999995, -18.557067, 10.272841, 10.272841
3.310405248938565, 2.9175767099999916, -8.547987, 6.341552, 6.341552
3.565048542979466, 1.156585659999962, -3.19216, 3.434758, 3.434758
3.8197059791559878, 0.25620846999999003, -0.721964, 1.4404979999999998, 1.4404979999999998
4.074349273196888, -6.00000475969864e-08, 0.0, -0.219773, -0.219773
