0.0, 0.0, 0.0, 0.0, 0.0
0.20364675298172585, 0.16784000000001242, -0.526077, -1.408672, -1.408672
0.4072935059634517, 0.7561900000000037, -2.087267, -2.966482, -2.966482
0.6109402589451777, 1.849209999999971, -5.152907, -4.941572, -4.941572
0.8145870119269034, 3.5899799999999686, -10.601607, -7.487212, -7.487212
1.0182337649086295, 6.127799999999979, -19.036007, -10.347342, -10.347342
1.221880517890354, 9.393109999999979, -29.157907, -12.295342, -12.295342
1.4255272708720799, 12.949779999999976, -39.104406999999995, -12.297241999999999, -12.297241999999999
1.6291740238538057, 16.225189999999998, -49.250507, -10.369841999999998, -10.369841999999998
1.8328207768355316, 18.632000000000005, -58.040307, -6.174972, -6.174972
2.0364675298172576, 19.530280000000005, -61.495207, -0.118742000330332, -0.11874200033091
2.240114282798983, 18.632000000000005, -58.040307, 5.937488, 5.937488
2.4437610357807094, 16.225189999999998, -49.250507, 10.132358, 10.132358
2.647407788762434, 12.949779999999976, -39.104406999999995, 12.059758, 12.059758
2.8510545417441597, 9.393109999999979, -29.157907, 12.057858000000001, 12.057858000000001
3.0547012947258856, 6.127799999999979, -19.036007, 10.109858000000001, 10.109858000000001
3.2583480477076114, 3.5899799999999686, -10.601607, 7.249728, 7.249728
3.4619948006893373, 1.849209999999971, -5.152907, 4.704088, 4.704088
3.665641553671063, 0.7561900000000037, -2.087267, 2.728998, 2.728998
3.869288306652789, 0.16784000000001242, -0.526077, 1.1711880000000001, 1.1711880000000001
