0.0, -282.53918, 0.071107, 0.118742, 0.118742
0.20364675298172585, -282.37134, -0.45497, -1.28993, -1.28993
0.4072935059634517, -281.78299, -2.01616, -2.84774, -2.84774
0.6109402589451777, -280.68997, -5.0818, -4.82283, -4.82283
0.8145870119269034, -278.9492, -10.5305, -7.36847, -7.36847
1.0182337649086295, -276.41138, -18.9649, -10.2286, -10.2286
1.221880517890354, -273.14607, -29.0868, -12.1766, -12.1766
1.4255272708720799, -269.5894, -39.0333, -12.1785, -12.1785
1.6291740238538057, -266.31399, -49.1794, -10.2511, -10.2511
1.8328207768355316, -263.90718, -57.9692, -6.05623, -6.05623
2.0364675298172576, -263.0089, -61.4241, -3.30332e-10, -3.3091e-10
2.240114282798983, -263.90718, -57.9692, 6.05623, 6.05623
2.4437610357807094, -266.31399, -49.1794, 10.2511, 10.2511
2.647407788762434, -269.5894, -39.0333, 12.1785, 12.1785
2.8510545417441597, -273.14607, -29.0868, 12.1766, 12.1766
3.0547012947258856, -276.41138, -18.9649, 10.2286, 10.2286
3.2583480477076114, -278.9492, -10.5305, 7.36847, 7.36847
3.4619948006893373, -280.68997, -5.0818, 4.82283, 4.82283
3.665641553671063, -281.78299, -2.01616, 2.84774, 2.84774
3.869288306652789, -282.37134, -0.45497, 1.28993, 1.28993
