3.0, 13.5, -2.5526071 
3.05, 14.186312500000003, -2.8755781 
3.1, 14.895500000000006, -3.1083976 
3.15, 15.627937500000002, -3.266826 
3.2, 16.383999999999997, -3.364171 
3.25, 17.1640625, -3.4116393 
3.3, 17.968499999999995, -3.4186466 
3.35, 18.7976875, -3.3930897 
3.4, 19.651999999999997, -3.3415794 
3.45, 20.5318125, -3.2696415 
3.5, 21.437500000000004, -3.1818861 
3.55, 22.3694375, -3.0821521 
3.6, 23.328, -2.9736287 
3.65, 24.313562499999996, -2.8589583 
3.7, 25.32650000000001, -2.7403227 
