5.4, 15.510204000000007, -3.7541794166666667 
5.5, 16.387937499999996, -3.9661565833333334 
5.6, 17.298176000000005, -4.125337333333333 
5.7, 18.24151049999999, -4.238964083333333 
5.8, 19.218531999999986, -4.3139435 
5.9, 20.229831499999978, -4.356495083333333 
6.0, 21.275999999999982, -4.3723564999999995 
6.1, 22.357628499999965, -4.3663592499999995 
6.2, 23.475307999999966, -4.34273025 
6.3, 24.629629499999947, -4.304644166666667 
6.4, 25.82118399999997, -4.254452666666666 
6.5, 27.050562499999952, -4.19367 
6.6, 28.31835599999994, -4.12379175 
