
5.4, 15.510204000000007, -3.7533930000000004 
5.5, 16.387937499999996, -3.9658395 
5.6, 17.298176000000005, -4.124969083333333 
5.7, 18.24151049999999, -4.239162666666666 
5.8, 19.218531999999986, -4.314570416666666 
5.9, 20.229831499999978, -4.3575376666666665 
6.0, 21.275999999999982, -4.373945333333333 
6.1, 22.357628499999965, -4.368537333333333 
6.2, 23.475307999999966, -4.345718166666667 
6.3, 24.629629499999947, -4.30733475 
6.4, 25.82118399999997, -4.256696333333333 
6.5, 27.050562499999952, -4.1956697499999995 
6.6, 28.31835599999994, -4.1268285 
