
5.4, 15.510204000000007, -3.7301498333333334 
5.5, 16.387937499999996, -3.9431879166666666 
5.6, 17.298176000000005, -4.1017002499999995 
5.7, 18.24151049999999, -4.214601666666667 
5.8, 19.218531999999986, -4.289363 
5.9, 20.229831499999978, -4.332283416666667 
6.0, 21.275999999999982, -4.3486183333333335 
6.1, 22.357628499999965, -4.3425495 
6.2, 23.475307999999966, -4.3180095 
6.3, 24.629629499999947, -4.2782505833333335 
6.4, 25.82118399999997, -4.22645725 
6.5, 27.050562499999952, -4.1651481666666665 
6.6, 28.31835599999994, -4.09677075 
