0.0 0.0 1.0 0.0 0.0 70.0 18.42
0.71 0.0 0.71 0.0 0.79 70.0 18.58
0.58 0.58 0.58 0.79 0.96 70.0 18.59
0.38 0.0 0.92 0.0 0.39 70.0 18.26
0.33 0.33 0.89 0.79 0.48 70.0 18.61
0.67 0.3 0.67 0.42 0.83 70.0 18.20
0.06 0.06 1.0 0.79 0.09 70.0 18.56
0.0 0.0 1.0 0.0 0.0 70.0 18.42
0.71 0.0 0.71 0.0 0.79 70.0 18.58
0.58 0.58 0.58 0.79 0.96 70.0 18.59
0.38 0.0 0.92 0.0 0.39 70.0 18.26
0.33 0.33 0.89 0.79 0.48 70.0 18.61
0.67 0.3 0.67 0.42 0.83 70.0 18.20
0.06 0.06 1.0 0.79 0.09 70.0 18.56
0.0 0.0 1.0 0.0 0.0 70.0 18.42
0.71 0.0 0.71 0.0 0.79 70.0 18.58
0.58 0.58 0.58 0.79 0.96 70.0 18.59
0.38 0.0 0.92 0.0 0.39 70.0 18.26
0.33 0.33 0.89 0.79 0.48 70.0 18.61
0.67 0.3 0.67 0.42 0.83 70.0 18.20
0.06 0.06 1.0 0.79 0.09 70.0 18.56
